"name"	"country_code"	"2015-2020"	"2020-2025"	"2025-2030"	"2030-2035"	"2035-2040"	"2040-2045"	"2045-2050"	"2050-2055"	"2055-2060"	"2060-2065"	"2065-2070"	"2070-2075"	"2075-2080"	"2080-2085"	"2085-2090"	"2090-2095"	"2095-2100"
"Afghanistan"	4	58.5921	59.1612	59.6645	60.1332	60.5884	61.0023	61.407	61.8178	62.215	62.4671	62.9071	63.2713	63.5401	63.8164	64.1707	64.5548	64.8765
"Albania"	8	74.9716	75.432	76.0685	76.7265	77.4539	78.234	79.0227	79.762	80.5612	81.333	82.0102	82.5715	83.1762	83.6237	84.1258	84.571	84.8734
"Algeria"	12	72.0663	72.5617	73.1676	73.7694	74.4514	75.1646	75.8539	76.5424	77.3321	78.1456	78.9049	79.6548	80.2995	81.0576	81.8131	82.3734	83.0121
"Antigua and Barbuda"	28	72.9619	73.2446	73.7058	74.1596	74.7623	75.366	75.9923	76.6373	77.352	78.0722	78.8103	79.6431	80.3448	81.0873	81.6385	82.246	82.8115
"Argentina"	32	72.024	72.5213	73.0858	73.7266	74.5195	75.3019	76.061	76.8055	77.6425	78.4317	79.2901	79.9588	80.6129	81.2267	81.7184	82.2584	82.7574
"Armenia"	51	70.2938	70.4819	70.8103	71.1765	71.598	72.164	72.6615	73.2018	73.7924	74.3788	74.9386	75.5329	76.1818	76.7576	77.2872	78.0014	78.6834
"Aruba"	533	72.3272	72.3687	72.5677	72.8916	73.1699	73.5985	74.0208	74.3568	74.7795	75.3068	75.8098	76.2965	76.8956	77.4338	78.1644	78.7104	79.2457
"Australia"	36	80.0952	80.8102	81.4727	81.9995	82.4849	82.9308	83.3328	83.7359	84.2021	84.575	84.9993	85.347	85.7572	86.1594	86.6028	86.9787	87.3564
"Austria"	40	78.6873	79.4162	80.1802	80.8821	81.5274	82.0382	82.5155	82.8951	83.3259	83.7749	84.131	84.5758	85.0343	85.4608	85.8359	86.212	86.6206
"Azerbaijan"	31	66.7158	66.6261	66.5907	66.6756	66.8385	66.8951	67.065	67.2777	67.5253	67.7866	68.2405	68.6068	69.0758	69.5875	70.0635	70.5273	71.1141
"Bahamas"	44	71.6972	71.9866	72.4301	72.94	73.5265	74.1881	74.8207	75.4801	76.215	76.9003	77.6416	78.4496	79.2257	79.9556	80.5969	81.3473	81.9467
"Bahrain"	48	75.0564	75.1327	75.373	75.7939	76.1255	76.5175	76.9675	77.5011	77.9059	78.4741	79.0203	79.5706	80.2213	80.7946	81.3747	81.878	82.3592
"Bangladesh"	50	69.8961	70.345	70.6864	70.9125	71.2906	71.5596	71.8262	72.0422	72.3518	72.727	73.0387	73.4703	73.8239	74.2879	74.7909	75.1789	75.7382
"Barbados"	52	72.5323	72.7877	73.2639	73.6691	74.1645	74.7249	75.3004	75.9195	76.5429	77.322	77.9527	78.705	79.4182	80.0635	80.8277	81.5291	82.1839
"Belarus"	112	64.7229	64.7699	64.9746	65.2287	65.587	65.8805	66.2701	66.6908	67.0473	67.4401	67.8765	68.253	68.7124	69.096	69.582	69.9615	70.4757
"Belgium"	56	78.075	78.7452	79.4615	80.2494	80.9785	81.5664	82.1227	82.5724	83.0068	83.4045	83.8176	84.1956	84.5937	85.0131	85.3651	85.7853	86.087
"Belize"	84	66.4805	66.5127	66.5998	66.742	66.9547	67.1418	67.442	67.7205	68.0328	68.3475	68.8243	69.207	69.6468	69.9852	70.5435	71.0535	71.5954
"Benin"	204	57.3398	57.6113	58.0375	58.5427	59.0142	59.5181	59.9307	60.3496	60.8224	61.2217	61.7643	62.1457	62.5994	63.0431	63.4991	63.8725	64.2933
"Bhutan"	64	68.7686	69.3718	69.8644	70.3439	70.7387	71.0981	71.4818	71.7509	72.0618	72.4649	72.7687	73.2542	73.6681	73.9294	74.3766	74.8525	75.3562
"Bolivia (Plurinational State of)"	68	65.5855	66.289	66.9034	67.4311	67.8934	68.3703	68.6767	69.0893	69.4797	69.9219	70.3698	70.7589	71.2829	71.6869	72.0845	72.5719	73.1552
"Bosnia and Herzegovina"	70	73.4104	73.7231	74.2053	74.7277	75.2777	75.9215	76.5161	77.2346	77.9207	78.561	79.2619	79.8941	80.6581	81.3823	82.0187	82.6844	83.2089
"Brazil"	76	70.4862	71.177	71.9955	72.7965	73.6216	74.4149	75.3694	76.2516	77.1777	78.0781	78.9438	79.7776	80.5233	81.1855	81.7672	82.3609	82.8188
"Brunei Darussalam"	96	76.6309	77.1401	77.8	78.536	79.2812	80.0175	80.825	81.6838	82.4487	83.1643	83.7419	84.2868	84.8076	85.2696	85.6492	86.0813	86.4635
"Bulgaria"	100	69.9767	69.9549	70.036	70.1916	70.4379	70.6608	71.0165	71.3938	71.7045	72.1731	72.4498	72.8373	73.2824	73.7282	74.2208	74.628	75.0416
"Burkina Faso"	854	56.6278	57.1478	57.6426	58.2464	58.7448	59.1206	59.5115	60.0895	60.4557	60.8995	61.273	61.5721	61.9817	62.4856	62.8483	63.1163	63.5526
"Cabo Verde"	132	70.7767	71.1317	71.5823	72.0089	72.4767	72.8485	73.3737	73.9719	74.62	75.144	75.8277	76.4822	77.059	77.7151	78.4451	79.1678	79.9447
"Cambodia"	116	66.0778	66.9504	67.5929	68.1006	68.5895	68.981	69.3785	69.8356	70.1179	70.487	70.8372	71.2451	71.7547	72.2428	72.6978	73.1687	73.6969
"Canada"	124	79.7945	80.4271	81.0813	81.7392	82.2942	82.7489	83.1424	83.5482	83.9345	84.2791	84.6699	85.0403	85.4075	85.6767	86.0439	86.4263	86.7827
"Chad"	148	49.7198	50.2282	50.8482	51.4036	52.1031	52.6758	53.4257	54.0624	54.5889	55.1559	55.5964	56.3881	56.8152	57.5327	57.9524	58.5183	59.0767
"Channel Islands"	830	78.3405	78.7483	79.2665	79.9089	80.4811	81.1259	81.8231	82.4437	83.0026	83.4807	83.9279	84.3297	84.7365	85.1234	85.5158	85.8431	86.281
"Chile"	152	78.8256	79.8414	80.5652	81.1748	81.7477	82.2411	82.7644	83.1722	83.6455	84.0698	84.4937	84.8986	85.3259	85.7523	86.1011	86.4158	86.8748
"China"	156	73.7941	74.2686	74.921	75.5585	76.3247	77.0895	77.8817	78.7358	79.5848	80.5226	81.409	82.2606	83.0216	83.835	84.5071	85.0791	85.6173
"China, Hong Kong SAR"	344	80.7659	81.097	81.4925	81.8754	82.2885	82.69	83.1111	83.5117	83.885	84.2567	84.6419	85.0653	85.4427	85.8333	86.2211	86.5659	86.9092
"China, Macao SAR"	446	78.2795	79.0243	79.8758	80.7145	81.5074	82.209	82.7836	83.2912	83.7526	84.2089	84.6588	85.0658	85.4349	85.9062	86.234	86.6198	86.9633
"Colombia"	170	70.0284	70.5223	71.0875	71.7082	72.3737	73.1355	73.865	74.7323	75.4803	76.1621	76.9309	77.7111	78.5402	79.3197	79.9658	80.6872	81.3793
"Comoros"	174	61.0182	61.4838	62.0443	62.5563	63.0559	63.5458	64.0603	64.6139	65.0059	65.4681	65.8512	66.2441	66.7133	67.2343	67.7126	68.1678	68.6898
"Costa Rica"	188	76.7278	77.3295	77.9938	78.6673	79.3617	79.9745	80.7278	81.4526	82.069	82.5631	83.0369	83.4731	83.8834	84.3319	84.6335	84.9769	85.3069
"Croatia"	191	73.5526	74.036	74.6405	75.2936	76.0584	76.7752	77.5091	78.3115	79.0503	79.7995	80.4415	81.0878	81.6566	82.145	82.5844	83.0167	83.4523
"Cuba"	192	77.0667	77.587	78.1625	78.8137	79.5177	80.2838	80.9175	81.6471	82.3314	82.8541	83.3722	83.8716	84.3274	84.6972	85.0466	85.4465	85.725
"Curacao"	531	74.4322	74.9414	75.5029	76.1719	76.8743	77.5732	78.32	79.0741	79.9001	80.5147	81.1636	81.7471	82.272	82.7363	83.1457	83.5951	83.9766
"Cyprus"	196	77.654	78.1659	78.7225	79.4321	80.174	80.8765	81.5839	82.1534	82.6771	83.1415	83.637	84.0863	84.5248	84.8931	85.241	85.6114	85.9073
"Czech Republic"	203	75.2325	75.6416	76.1865	76.7263	77.37	78.0348	78.6847	79.4002	80.0626	80.7267	81.3576	81.9131	82.3709	82.8627	83.2305	83.6441	84.0848
"Dem. People's Republic of Korea"	408	66.1868	66.7255	67.2964	67.9409	68.5509	69.1883	69.7942	70.5341	71.305	71.9702	72.7109	73.4889	74.2677	75.1897	75.96	76.8182	77.5749
"Democratic Republic of the Congo"	180	56.786	57.5301	58.3203	59.0832	59.6788	60.231	60.7238	61.2309	61.5642	62.0004	62.3	62.7013	63.0455	63.3134	63.6062	63.8141	64.2242
"Denmark"	208	77.8193	78.2034	78.7018	79.3082	79.9921	80.666	81.2749	81.9428	82.5173	82.9415	83.4231	83.9178	84.2846	84.6971	85.0928	85.4664	85.7871
"Djibouti"	262	59.6094	59.9502	60.3235	60.7341	61.1079	61.5489	61.9541	62.3489	62.7479	63.2452	63.6624	64.1757	64.5735	65.0544	65.5082	65.9919	66.4767
"Dominican Republic"	214	69.8131	70.1361	70.5087	71.0188	71.5105	72.065	72.5832	73.1996	73.8699	74.5208	75.1374	75.7842	76.4534	77.2417	77.849	78.5516	79.3253
"Ecuador"	218	72.8507	73.4654	74.1449	74.7975	75.5488	76.2987	77.1145	77.7861	78.4942	79.3294	80.069	80.9025	81.5851	82.2355	82.8757	83.3214	83.8627
"Egypt"	818	68.2869	68.5031	68.836	69.1583	69.5098	69.7893	70.3297	70.7217	71.0721	71.6328	72.0651	72.5761	73.0465	73.7268	74.2279	74.8989	75.6138
"El Salvador"	222	67.9148	68.5495	69.2799	70.0876	70.7788	71.5947	72.3614	73.1874	74.0773	74.8398	75.6825	76.5193	77.2888	78.1167	78.8457	79.5953	80.359
"Eritrea"	232	61.2483	62.1028	62.7986	63.4199	63.9999	64.4945	64.9744	65.3554	65.6993	65.9761	66.3806	66.581	67.0715	67.2581	67.6214	67.8954	68.2265
"Estonia"	233	71.4721	71.9096	72.5058	73.0904	73.7598	74.479	75.1993	75.9806	76.7205	77.4354	78.2398	78.8961	79.4416	79.9501	80.4637	80.8884	81.2858
"Fiji"	242	66.3809	66.4959	66.689	67.0154	67.2288	67.5759	67.9023	68.3012	68.7018	69.1784	69.7785	70.2751	70.8032	71.5078	72.1511	72.7555	73.3944
"Finland"	246	77.7817	78.5171	79.2649	80.0382	80.6598	81.2225	81.687	82.1271	82.5538	82.983	83.4039	83.7382	84.1451	84.5807	84.9193	85.2429	85.5487
"France"	250	79.1252	79.7534	80.2353	80.7168	81.1262	81.5431	81.9751	82.3757	82.7855	83.1635	83.5468	83.939	84.3264	84.6953	85.1052	85.4568	85.856
"French Guiana"	254	76.2277	77.2487	78.2565	79.2968	80.1718	80.8363	81.3568	81.9032	82.3803	82.9137	83.3763	83.8406	84.3285	84.8023	85.1898	85.6395	86.0522
"French Polynesia"	258	73.9518	74.4827	75.2185	75.9455	76.7693	77.5817	78.4301	79.3262	80.1345	81.0298	81.8944	82.6408	83.2996	83.8987	84.4204	84.8796	85.3974
"Gambia"	270	58.1539	58.4854	58.8031	59.1734	59.5559	59.8856	60.2648	60.6237	60.9083	61.2927	61.5423	61.9829	62.1953	62.5297	62.9465	63.1299	63.4508
"Georgia"	268	70.5249	70.7451	71.1315	71.5726	72.1148	72.6075	73.2581	73.9302	74.5247	75.2272	75.9552	76.6787	77.4372	78.1668	78.9036	79.5982	80.2123
"Germany"	276	78.2824	78.9201	79.6482	80.3667	81.038	81.6704	82.2398	82.7312	83.174	83.6273	84.0627	84.4481	84.8698	85.2908	85.63	86.0646	86.4506
"Ghana"	288	59.5081	59.6473	59.9087	60.2076	60.5474	60.8294	61.1846	61.5696	61.9355	62.2579	62.7411	63.0458	63.3748	63.8136	64.1632	64.4669	64.8275
"Greece"	300	77.8186	78.5872	79.4039	80.1332	80.708	81.2945	81.7519	82.1723	82.606	82.9578	83.3931	83.7671	84.1543	84.574	84.8902	85.3206	85.7139
"Grenada"	308	70.1671	70.2557	70.4618	70.6577	70.9524	71.458	71.9254	72.393	72.8566	73.4104	74.0462	74.7342	75.2889	75.8849	76.5605	77.2842	78.0438
"Guadeloupe"	312	77.5121	78.5976	79.4069	80.0648	80.6379	81.1915	81.7036	82.149	82.6172	83.1168	83.604	84.1137	84.5301	84.9694	85.3917	85.8272	86.1923
"Guam"	316	76.437	77.2931	78.2178	79.1991	80.1654	81.037	81.8304	82.4555	83.0354	83.5837	84.1159	84.5871	84.9985	85.4758	85.8914	86.3	86.6745
"Guatemala"	320	67.7556	68.1931	68.7319	69.2727	69.8678	70.4981	71.1642	71.7132	72.3814	73.1597	73.7731	74.4556	75.0375	75.7814	76.6034	77.2132	78.0299
"Guinea"	324	57.792	58.4807	59.254	59.8883	60.4273	60.864	61.3684	61.7819	62.1632	62.5459	62.8984	63.1853	63.5488	63.8686	64.2915	64.6167	64.9837
"Guinea-Bissau"	624	52.6821	53.1278	53.6274	54.0551	54.5339	54.9939	55.3304	55.8204	56.1673	56.517	56.9043	57.1673	57.6159	57.9947	58.3489	58.7766	59.1261
"Guyana"	328	63.1527	62.9683	62.963	63.0935	63.201	63.3197	63.4831	63.6632	63.852	64.1672	64.3373	64.634	64.9573	65.2099	65.5348	65.9008	66.2136
"Haiti"	332	60.1275	60.5752	61.0363	61.6385	62.1108	62.6052	63.1447	63.5509	64.0176	64.4187	64.7083	65.1432	65.5141	65.9485	66.3175	66.6904	67.1317
"Honduras"	340	70.0502	70.3692	70.7089	71.2302	71.673	72.277	72.8606	73.5107	73.9895	74.5487	75.101	75.7731	76.4763	77.1251	77.949	78.6119	79.3866
"Hungary"	348	70.8227	71.0438	71.3337	71.6622	72.0782	72.5354	73.0596	73.6217	74.1	74.7391	75.3441	75.9762	76.6282	77.2597	77.8719	78.5366	79.173
"Iceland"	352	80.7707	81.3105	81.9188	82.5044	83.0909	83.5001	83.9639	84.3358	84.7363	85.0695	85.4738	85.909	86.2261	86.5915	86.8995	87.3028	87.6105
"India"	356	66.0777	66.6437	67.2101	67.6491	68.1932	68.5503	69.0772	69.5344	70.0583	70.4797	70.9132	71.5114	72.0426	72.6415	73.2323	73.9309	74.5292
"Indonesia"	360	66.0734	66.2004	66.484	66.7614	67.0511	67.3983	67.6401	67.9283	68.2806	68.7048	69.1255	69.4362	69.8289	70.1542	70.6663	71.097	71.6672
"Iran (Islamic Republic of)"	364	73.4777	73.5631	73.8264	74.1028	74.4909	74.9334	75.306	75.6348	76.0797	76.5241	77.0641	77.6535	78.1586	78.6967	79.22	79.6528	80.1918
"Iraq"	368	66.4599	66.6037	66.8948	67.0838	67.3389	67.6008	67.9056	68.1113	68.4833	68.8089	69.2454	69.5854	69.9557	70.3512	70.8439	71.2918	71.8045
"Ireland"	372	78.5118	79.0903	79.8461	80.5941	81.3118	82.0119	82.6325	83.0332	83.4764	83.9042	84.2882	84.6682	85.0082	85.2963	85.6962	86.0541	86.4153
"Israel"	376	80.322	81.0326	81.7535	82.4554	82.9759	83.4842	83.9251	84.332	84.8203	85.239	85.5906	85.9857	86.4578	86.8464	87.2753	87.6582	88.0981
"Italy"	380	80.5688	81.058	81.4602	81.9437	82.4435	82.8895	83.3533	83.7849	84.2152	84.6547	85.1576	85.6243	86.0057	86.4827	86.8968	87.3261	87.6738
"Jamaica"	388	72.5404	72.6421	72.9192	73.297	73.757	74.1331	74.7021	75.2016	75.7431	76.4034	77.0545	77.5548	78.243	78.9152	79.5245	80.2905	80.9011
"Japan"	392	79.8664	80.1916	80.562	80.991	81.4565	81.8676	82.2628	82.667	83.0559	83.4885	83.9319	84.3239	84.6974	85.132	85.5163	85.8436	86.2229
"Jordan"	400	71.597	71.7519	72.0423	72.37	72.6627	73.1183	73.5871	74.1007	74.5701	75.1044	75.7139	76.2819	76.8996	77.5589	78.0651	78.7133	79.4358
"Kazakhstan"	398	63.6668	63.6856	63.7744	63.9652	64.281	64.4964	64.8337	65.1575	65.451	65.8919	66.4218	66.8448	67.3099	67.7683	68.2874	68.8152	69.3505
"Kiribati"	296	62.1531	62.3647	62.6463	63.0027	63.2948	63.585	63.979	64.3169	64.6918	65.0703	65.3519	65.6883	66.1089	66.549	66.8659	67.2623	67.7115
"Kuwait"	414	72.5156	72.4032	72.3088	72.4757	72.641	72.8458	73.1285	73.3691	73.7312	74.0786	74.5074	74.9275	75.4362	75.8233	76.427	76.8095	77.2722
"Kyrgyzstan"	417	65.6647	65.6461	65.683	65.8659	66.1578	66.4509	66.7692	67.135	67.5761	68.0407	68.3569	68.8356	69.2969	69.8115	70.3043	70.7597	71.3075
"Lao People's Democratic Republic"	418	64.5492	65.3944	66.1661	66.7439	67.3691	67.7335	68.1354	68.4378	68.7295	69.0628	69.2308	69.655	69.9373	70.2742	70.7265	71.1533	71.5779
"Latvia"	428	68.3833	68.533	68.748	69.0682	69.5166	69.9512	70.3877	70.8902	71.4438	71.8878	72.3445	72.8816	73.504	73.9953	74.5125	75.1139	75.7223
"Lebanon"	422	77.4446	78.2703	79.0623	79.9132	80.7591	81.4656	82.2315	82.8531	83.4617	83.969	84.3439	84.6794	85.0423	85.4172	85.7382	85.9874	86.2717
"Liberia"	430	59.3618	59.9724	60.4955	61.1397	61.6538	62.0482	62.4377	62.8238	63.2118	63.4865	63.6289	63.9454	64.2034	64.486	64.8574	65.0987	65.3305
"Libya"	434	68.2516	68.389	68.6478	68.9802	69.3793	69.7987	70.2478	70.7981	71.3721	71.7918	72.3827	72.9806	73.5844	74.2449	74.9912	75.5991	76.2121
"Lithuania"	440	67.0144	67.2281	67.6221	67.9873	68.443	68.8825	69.3569	69.933	70.5369	71.0618	71.7014	72.2456	72.908	73.4576	74.08	74.7142	75.2527
"Luxembourg"	442	79.1721	79.9076	80.7283	81.4407	82.0246	82.5125	83.0053	83.4113	83.857	84.3146	84.7188	85.1315	85.5546	86.0029	86.487	86.845	87.2965
"Madagascar"	450	63.3347	64.0889	64.673	65.2596	65.8395	66.27	66.7358	67.0877	67.5598	67.8094	68.1978	68.5737	68.8209	69.1381	69.5243	69.9089	70.3006
"Malaysia"	458	71.7622	72.0117	72.2991	72.7381	73.2307	73.7635	74.3065	74.9556	75.6461	76.269	76.8791	77.6012	78.2828	79.0072	79.765	80.4558	81.202
"Maldives"	462	75.2468	75.6466	76.1255	76.5681	76.9838	77.4569	77.8921	78.4882	79.0106	79.4826	79.9417	80.4825	80.896	81.3635	81.8157	82.2419	82.6866
"Mali"	466	57.9018	58.9604	59.7961	60.7251	61.2841	61.8232	62.3779	62.7877	63.1623	63.6125	64.0807	64.5279	64.864	65.3045	65.5869	65.9455	66.3161
"Malta"	470	78.481	78.9924	79.5691	80.2406	80.9337	81.7259	82.3628	83.0632	83.5349	84.0163	84.5139	84.9713	85.3931	85.7633	86.1282	86.4808	86.7823
"Martinique"	474	78.5097	79.4495	80.1254	80.7193	81.2687	81.8037	82.2631	82.7843	83.2383	83.613	84.1088	84.5241	84.992	85.3774	85.8397	86.2559	86.6736
"Mauritania"	478	60.6167	60.6682	60.8329	61.0433	61.2312	61.5033	61.681	61.9654	62.1358	62.3925	62.6276	62.8872	63.039	63.38	63.6176	63.995	64.2461
"Mauritius"	480	70.3683	70.7294	71.2215	71.7704	72.3164	72.9629	73.5344	74.1934	74.875	75.6293	76.3841	77.1556	78.0149	78.7406	79.5723	80.2818	81.0142
"Mayotte"	175	76.5308	77.5749	78.6599	79.6276	80.4157	81.0298	81.5858	82.0572	82.5365	82.9634	83.3854	83.8008	84.1963	84.6864	85.1763	85.5385	85.9846
"Mexico"	484	73.9805	74.4704	75.1198	75.8163	76.5536	77.3786	78.1621	78.9835	79.7974	80.6442	81.4196	82.2297	82.8553	83.3948	83.9492	84.4505	84.8298
"Micronesia (Fed. States of)"	583	67.2067	67.1737	67.2187	67.3725	67.5789	67.8009	68.0803	68.26	68.5758	68.832	69.1168	69.5013	69.8508	70.2776	70.7806	71.2323	71.8081
"Mongolia"	496	64.8471	65.4061	65.9724	66.5191	67.1577	67.7954	68.4071	69.0826	69.784	70.599	71.2859	72.0708	72.828	73.7401	74.5962	75.3576	76.1872
"Montenegro"	499	73.2365	73.3421	73.5451	73.8168	74.0979	74.4658	74.8417	75.1699	75.6193	76.0594	76.5277	77.1069	77.7149	78.2581	78.8123	79.3964	79.9094
"Morocco"	504	72.3076	72.5967	72.9571	73.2714	73.7437	74.1609	74.6497	75.1847	75.6586	76.205	76.7247	77.2864	77.9638	78.4625	79.1068	79.647	80.2576
"Myanmar"	104	63.0084	63.1225	63.3121	63.5743	63.8667	64.2136	64.4941	64.761	65.0573	65.3793	65.7398	66.0127	66.4023	66.7007	67.0432	67.4133	67.7483
"Nepal"	524	67.8792	68.5209	69.1639	69.7415	70.1763	70.55	71.0884	71.5805	72.1165	72.6365	73.0807	73.6374	74.1658	74.7191	75.3782	76.0171	76.5515
"Netherlands"	528	79.3243	79.8087	80.4557	81.1067	81.7555	82.3554	82.8299	83.301	83.703	84.109	84.5155	84.9369	85.284	85.6051	85.9658	86.3514	86.6886
"New Caledonia"	540	73.5317	74.1567	74.8723	75.6648	76.4532	77.2721	78.1707	78.9091	79.7501	80.6182	81.3511	82.1046	82.738	83.19	83.75	84.2144	84.6409
"New Zealand"	554	79.7589	80.3312	80.9839	81.6761	82.3208	82.8786	83.3839	83.8255	84.2759	84.6791	85.1061	85.5269	85.9507	86.3755	86.7432	87.1559	87.5044
"Nicaragua"	558	71.6094	72.3628	73.1591	74.0103	74.8358	75.6549	76.5482	77.2944	78.172	79.1223	79.9731	80.833	81.5825	82.2325	82.7935	83.3213	83.7919
"Niger"	562	60.2464	61.1267	61.6922	62.1688	62.6297	62.9499	63.3019	63.5535	63.8656	64.1113	64.3648	64.7148	64.9848	65.1367	65.4678	65.7555	65.9184
"Nigeria"	566	51.5667	51.9559	52.4694	52.8611	53.4476	53.9195	54.3535	54.8582	55.2667	55.8679	56.3427	56.8425	57.256	57.7209	58.2624	58.6563	59.0426
"Norway"	578	79.2003	79.713	80.3476	80.9841	81.594	82.1726	82.6336	83.0779	83.4789	83.7759	84.1764	84.5974	84.9744	85.3197	85.6274	86.0411	86.3409
"Oman"	512	74.828	75.5487	76.3182	77.1035	77.9305	78.8059	79.6811	80.6377	81.4969	82.4231	83.1377	83.7032	84.3219	84.6822	85.1051	85.4514	85.851
"Other non-specified areas"	158	76.5686	77.2517	78.0158	78.8591	79.6713	80.456	81.161	81.8314	82.3299	82.7882	83.1841	83.6176	84.0044	84.4824	84.8503	85.2101	85.5877
"Pakistan"	586	64.4341	64.6225	64.9016	65.2343	65.605	65.9063	66.1905	66.5536	66.9256	67.3882	67.7816	68.1573	68.6884	69.0845	69.6367	70.1152	70.4742
"Panama"	591	74.2313	74.7471	75.328	75.952	76.6116	77.2991	78.0433	78.6973	79.471	80.1429	80.694	81.3525	81.9218	82.428	82.9215	83.3346	83.645
"Papua New Guinea"	598	59.7289	59.9608	60.2491	60.6448	61.0647	61.3808	61.8016	62.2412	62.5614	62.9134	63.3616	63.7706	64.2082	64.6629	65.1755	65.5876	66.0395
"Paraguay"	600	69.8355	69.6269	69.5673	69.5795	69.784	69.9453	70.0891	70.324	70.6746	71.083	71.4483	71.8591	72.2932	72.7375	73.1951	73.8086	74.4289
"Peru"	604	71.5922	72.2407	72.9798	73.7522	74.4965	75.2207	76.0056	76.7595	77.5971	78.5196	79.3765	80.2064	81.0661	81.8371	82.5503	83.1579	83.6483
"Philippines"	608	64.0199	64.1203	64.2614	64.492	64.6907	64.9822	65.1531	65.5171	65.8097	66.0891	66.4585	66.8478	67.2846	67.6075	68.1172	68.6504	69.1682
"Poland"	616	72.992	73.5166	74.1375	74.8098	75.572	76.3031	77.072	77.8286	78.5702	79.2897	79.9202	80.5065	80.9434	81.4019	81.8622	82.2442	82.6724
"Portugal"	620	77.8488	78.7772	79.6764	80.4504	81.141	81.6842	82.1743	82.6664	83.0867	83.5751	83.999	84.4596	84.9313	85.3578	85.7665	86.2449	86.6817
"Puerto Rico"	630	75.3899	76.1012	76.9557	77.7574	78.5302	79.176	79.7165	80.1578	80.5708	80.9852	81.369	81.7748	82.1842	82.5238	82.8834	83.2915	83.5971
"Qatar"	634	76.795	77.1127	77.4419	77.9902	78.4614	79.043	79.6378	80.1824	80.8791	81.5311	82.1248	82.7145	83.3478	83.7988	84.241	84.6285	85.033
"Republic of Korea"	410	78.7198	79.5202	80.1212	80.7128	81.3004	81.8016	82.2993	82.7807	83.3183	83.7817	84.2284	84.6187	85.0034	85.4424	85.8239	86.2282	86.6156
"Republic of Moldova"	498	66.3489	66.1953	66.1068	66.1797	66.3634	66.5528	66.7664	67.0105	67.2382	67.5492	67.8325	68.2401	68.573	68.9874	69.415	69.8858	70.3821
"Reunion"	638	76.5532	77.5553	78.6383	79.6285	80.4072	81.0142	81.5466	82.062	82.5026	82.9334	83.3848	83.8492	84.2281	84.7038	85.1532	85.5654	86.0224
"Romania"	642	70.4831	70.6546	70.8761	71.2505	71.7015	72.2099	72.7289	73.2523	73.8521	74.5004	75.0763	75.7803	76.4113	77.0732	77.7724	78.3069	79.112
"Russian Federation"	643	63.5178	63.5918	63.747	63.998	64.255	64.6122	64.9904	65.3684	65.8525	66.2956	66.6941	67.1908	67.6849	68.1432	68.7158	69.1775	69.6905
"Saint Lucia"	662	71.7255	71.8853	72.2336	72.641	73.12	73.5728	74.1578	74.6757	75.2709	75.7867	76.3186	76.8741	77.5646	78.272	78.87	79.5213	80.1834
"Saint Vincent and the Grenadines"	670	69.9254	69.8157	69.8602	69.9429	70.1537	70.4078	70.662	70.9691	71.2675	71.6088	72.0001	72.3845	72.8311	73.3584	73.8392	74.3145	74.7962
"Samoa"	882	69.9683	70.531	71.1807	71.8316	72.5392	73.2062	73.92	74.7174	75.4553	76.1905	76.9534	77.6991	78.5781	79.4762	80.2291	80.89	81.5917
"Sao Tome and Principe"	678	63.5337	63.5332	63.582	63.7599	63.8827	64.0628	64.2864	64.4972	64.5789	64.8631	65.0191	65.2178	65.4068	65.5777	65.9217	66.2296	66.4843
"Saudi Arabia"	682	72.2163	72.3432	72.5094	72.7883	73.021	73.3285	73.7311	74.2103	74.5592	75.0651	75.4439	75.9948	76.3825	76.842	77.4375	77.8749	78.4837
"Senegal"	686	64.0615	64.6866	65.2651	65.916	66.4068	66.9038	67.4048	67.8642	68.2554	68.835	69.1806	69.6064	70.0903	70.7135	71.2466	71.7429	72.4294
"Serbia"	688	71.3269	71.512	71.8251	72.1508	72.5547	73.026	73.5101	74.0363	74.608	75.1475	75.7863	76.346	77.0454	77.6464	78.2236	78.9178	79.4824
"Seychelles"	690	68.3963	68.6919	69.0895	69.6163	70.1518	70.8014	71.3744	72.0719	72.6998	73.4337	74.0333	74.7347	75.4759	76.266	76.9911	77.6003	78.3397
"Sierra Leone"	694	49.705	50.5244	51.5149	52.3328	53.0448	53.7841	54.3268	54.882	55.3634	55.7263	56.0559	56.4427	56.751	57.0484	57.3205	57.7272	57.8906
"Singapore"	702	79.8041	80.2315	80.7631	81.2295	81.6919	82.1605	82.6169	83.0487	83.4717	83.9701	84.3813	84.7363	85.1518	85.6197	85.9886	86.4237	86.9214
"Slovakia"	703	71.8844	72.0966	72.4481	72.9091	73.3972	73.9221	74.4617	75.0126	75.6498	76.2285	76.8641	77.5493	78.1888	78.8236	79.4508	80.0219	80.6225
"Slovenia"	705	77.1026	77.7769	78.5064	79.3686	80.0952	80.7063	81.188	81.6739	82.101	82.5247	82.9516	83.3405	83.7537	84.2113	84.5694	85.0173	85.4176
"Solomon Islands"	90	65.735	65.8609	66.1059	66.3139	66.5865	66.8426	67.0491	67.2863	67.6547	67.9313	68.2446	68.5807	68.8486	69.1744	69.5946	70.0199	70.5431
"Somalia"	706	53.1809	53.6588	54.3153	54.8028	55.355	55.8807	56.263	56.6718	57.1614	57.5471	57.9107	58.3786	58.7743	59.1177	59.5301	59.9287	60.2274
"South Sudan"	728	54.2997	55.1541	55.9054	56.6537	57.232	57.7993	58.345	58.7907	59.2388	59.6404	60.0613	60.3524	60.5719	60.9094	61.2893	61.6676	61.9662
"Spain"	724	79.7271	80.2885	80.7359	81.1453	81.5439	81.9532	82.3407	82.8216	83.1611	83.5678	83.9994	84.4089	84.7621	85.1497	85.6335	85.9775	86.3408
"Sri Lanka"	144	70.9999	71.4337	71.8973	72.4737	73.1056	73.6517	74.4017	75.0909	75.7612	76.5392	77.2907	78.1176	78.8401	79.5583	80.2209	80.8512	81.4575
"State of Palestine"	275	70.2229	70.3577	70.5722	70.8729	71.1855	71.4524	71.9214	72.28	72.7757	73.2927	73.6845	74.1746	74.7246	75.2581	75.7908	76.4806	77.0227
"Sudan"	729	61.1444	61.3445	61.6467	61.9294	62.243	62.4505	62.8025	63.0641	63.3983	63.7426	64.1306	64.3128	64.5631	64.849	65.175	65.555	65.765
"Suriname"	740	67.1482	67.13	67.2993	67.4516	67.6608	67.9058	68.2215	68.7273	69.155	69.5622	70.1036	70.552	71.1318	71.6084	72.1373	72.7315	73.3009
"Sweden"	752	80.1335	80.7063	81.3372	81.9602	82.5488	83.0615	83.4826	83.8679	84.2706	84.6814	85.0057	85.4104	85.6926	86.0611	86.4335	86.7505	87.0381
"Switzerland"	756	80.6909	81.3135	81.8364	82.2438	82.6996	83.1568	83.5342	83.9195	84.3366	84.7738	85.137	85.5743	85.9586	86.3913	86.73	87.0982	87.5561
"Syrian Arab Republic"	760	63.9392	64.4747	65.1685	65.8868	66.6313	67.3735	68.2422	69.0776	69.8289	70.6348	71.4613	72.2875	73.1166	74.0121	74.8119	75.6004	76.4059
"Tajikistan"	762	65.2816	65.3528	65.4901	65.5911	65.7564	65.9598	66.2723	66.6124	66.979	67.3006	67.6297	68.099	68.5409	68.9944	69.4347	69.9799	70.391
"TFYR Macedonia"	807	72.4556	72.6372	72.9817	73.4105	73.9254	74.4547	74.9594	75.5164	76.0742	76.7042	77.39	77.9805	78.621	79.3252	80.091	80.7896	81.4514
"Thailand"	764	70.6012	70.9834	71.3893	71.9618	72.5301	73.1664	73.7409	74.3953	75.116	75.6661	76.3597	77.1125	77.8128	78.5678	79.2938	80.0012	80.6963
"Timor-Leste"	626	66.1148	66.7436	67.3651	67.9358	68.3732	68.8373	69.251	69.7137	70.1025	70.6981	71.179	71.6905	72.284	72.7454	73.3609	73.9705	74.4841
"Tonga"	776	69.1586	69.2954	69.5635	69.9244	70.2695	70.6822	71.2246	71.6722	72.212	72.7902	73.4513	74.0964	74.8429	75.5573	76.198	76.9395	77.6857
"Trinidad and Tobago"	780	66.072	65.9911	65.9914	66.0995	66.194	66.3625	66.5095	66.7664	67.059	67.3497	67.6993	68.0056	68.3417	68.6418	69.0832	69.5561	69.9579
"Tunisia"	788	71.9598	72.3288	72.681	73.07	73.5885	74.1253	74.6021	75.1197	75.696	76.2732	76.8545	77.467	78.1179	78.6781	79.2095	79.8355	80.4784
"Turkey"	792	71.7292	72.4862	73.3526	74.141	75.0012	75.8454	76.7804	77.641	78.5017	79.3277	80.0382	80.9185	81.579	82.2764	82.8295	83.3053	83.7391
"Turkmenistan"	795	60.6224	60.6663	60.8959	61.057	61.2753	61.5696	61.851	62.1698	62.4069	62.752	63.034	63.3685	63.7833	64.135	64.4574	64.8029	65.1749
"Ukraine"	804	64.8977	64.7477	64.7642	64.8211	64.8374	64.9768	65.1401	65.2985	65.4856	65.7531	66.0062	66.2096	66.415	66.6189	66.9869	67.2331	67.6163
"United Arab Emirates"	784	75.7322	76.0313	76.4867	77.0107	77.5435	78.1471	78.7982	79.4654	80.1965	80.8499	81.5945	82.2172	82.8834	83.4266	84.0791	84.519	84.9217
"United Kingdom"	826	78.3657	78.8597	79.4631	80.0621	80.7427	81.3685	82.0287	82.6028	83.0987	83.5021	83.9453	84.348	84.7526	85.126	85.4929	85.8029	86.1358
"United States of America"	840	76.2061	76.5931	77.0432	77.5912	78.1849	78.7396	79.3986	80.0566	80.6865	81.3401	81.8722	82.3894	82.8789	83.2934	83.6875	83.9914	84.3699
"United States Virgin Islands"	850	77.5235	78.3493	79.2113	80.0888	80.8378	81.4888	81.9981	82.4672	82.9211	83.3846	83.819	84.1828	84.6057	85.023	85.4075	85.7569	86.0553
"Uruguay"	858	73.0791	73.4613	73.9182	74.5167	75.1219	75.8604	76.5328	77.2492	78.0183	78.8373	79.5574	80.2393	80.7898	81.4211	81.8798	82.3832	82.817
"Uzbekistan"	860	64.1253	63.9803	63.9942	64.0719	64.18	64.3386	64.4927	64.6632	64.8066	65.0696	65.2694	65.5204	65.6858	65.9944	66.3833	66.8083	67.1225
"Vanuatu"	548	69.3568	69.6592	70.0326	70.5353	70.9699	71.4372	72.0127	72.5751	73.2249	73.7171	74.2929	74.9081	75.5615	76.2257	77.0221	77.7852	78.3932
"Venezuela (Bolivarian Republic of)"	862	69.7718	70.2213	70.8351	71.4972	72.1233	72.7877	73.5152	74.3675	75.0759	75.9236	76.6969	77.485	78.3087	79.0605	79.8347	80.4437	81.1155
"Viet Nam"	704	70.5976	70.9744	71.5716	72.1411	72.8095	73.4792	74.233	74.9998	75.8471	76.639	77.3893	78.239	78.8855	79.5939	80.188	80.7043	81.2559
"Western Sahara"	732	66.0053	66.5443	67.1341	67.7055	68.2247	68.5969	69.0878	69.5462	70.1063	70.5849	71.0392	71.5205	72.1118	72.7298	73.4199	74.0267	74.5937
"Yemen"	887	61.747	61.9455	62.3443	62.6004	62.9655	63.2629	63.6094	63.915	64.3247	64.7031	65.0945	65.368	65.6399	66.0189	66.3724	66.7529	67.237
"Angola"	24	50.301	51.132	51.9184	52.6012	53.3799	53.9945	54.4995	55.116	55.3344	55.7923	56.1671	56.6625	56.6975	56.8949	57.0125	57.1763	57.3954
"Botswana"	72	60.9048	61.8034	62.421	63.0191	63.5125	64.0487	64.608	65.0133	65.5186	65.9656	66.0975	66.3712	66.592	66.7777	66.8282	67.0532	67.175
"Burundi"	108	54.3329	54.9395	55.6971	56.6358	57.4395	58.0488	58.6847	59.0928	59.6611	59.9261	60.1884	60.396	60.5505	60.6184	60.8246	60.7423	60.9007
"Cameroon"	120	54.2477	55.5118	57.1869	58.7381	60.1666	61.2859	62.2294	63.322	64.0481	64.763	65.347	65.8337	66.3058	66.8953	67.3384	67.8521	68.1947
"Central African Republic"	140	49.4687	51.2949	53.2778	55.476	57.5919	59.5463	61.2415	62.6357	63.7602	64.7342	65.5127	66.2346	66.8581	67.4994	68.0758	68.5404	69.0262
"Congo"	178	60.9892	62.3641	63.5955	64.5553	65.4589	66.2275	66.7744	67.294	67.7534	68.2439	68.69	69.0738	69.4765	69.6777	70.1139	70.3784	70.6381
"Cote d'Ivoire"	384	50.2245	51.5146	53.1176	54.6677	56.3712	57.9309	59.4941	60.9545	62.2975	63.5345	64.5459	65.5556	66.6752	67.4125	68.1134	68.6386	69.2702
"Equatorial Guinea"	226	55.6155	56.1606	56.8298	57.7641	58.4458	59.0461	59.6075	60.1464	60.5901	60.9185	61.203	61.4401	61.6534	61.6386	61.8141	61.7123	61.8778
"Ethiopia"	231	62.0653	62.7656	63.073	62.8716	62.228	61.3986	60.7305	60.4632	60.5939	60.869	61.3741	61.8751	62.2146	62.8739	63.3564	63.9437	64.6135
"Gabon"	266	63.6207	64.5681	65.616	66.3938	67.0314	67.634	68.1685	68.7297	69.1038	69.5837	70.0279	70.3249	70.59	70.796	71.0685	71.2861	71.3624
"Kenya"	404	59.6108	60.1572	61.0933	62.2544	63.4117	64.4795	65.3469	66.1326	66.7734	67.3839	68.1003	68.6862	69.1697	69.5265	69.8747	70.2712	70.4873
"Lesotho"	426	48.6149	49.6872	51.2155	52.9704	54.8244	56.6819	58.4272	59.2732	59.6621	59.9981	60.4671	61.0269	61.3039	61.6939	61.9397	61.986	62.1316
"Malawi"	454	62.9735	63.16	63.3109	62.9739	62.4418	61.6704	60.9297	60.2806	59.8983	59.8666	60.0181	59.8878	59.9738	60.2559	60.4592	60.7475	61.3296
"Mozambique"	508	53.1681	53.9745	55.0586	56.1386	57.1049	57.8751	58.4793	58.8366	58.8094	58.9972	58.9321	58.9159	59.0932	59.2361	59.4408	59.118	58.9582
"Namibia"	516	61.4423	61.8351	62.448	63.2885	64.0801	64.7744	65.5987	66.3154	67.0114	67.6207	68.1071	68.4383	68.7087	69.0585	69.4618	69.6947	69.9817
"Rwanda"	646	61.6505	62.1096	62.2434	62.1375	61.5538	60.8846	60.5139	60.4466	60.691	61.2308	61.676	62.0256	62.6385	63.2767	63.8642	64.7797	65.3252
"South Africa"	710	53.9417	54.8409	56.3677	58.1186	59.8308	61.4886	62.741	63.7197	64.5032	65.2429	66.0763	66.8285	67.5964	68.1641	68.7976	69.3022	69.8584
"Swaziland"	748	47.7768	48.6284	49.9519	51.7221	53.2855	54.9477	56.4527	57.6514	58.6541	59.5238	60.3548	61.0506	61.742	62.3937	63.0754	63.8059	64.5122
"Togo"	768	58.7789	59.8358	60.9195	61.9412	62.8894	63.7547	64.5749	65.2923	65.9431	66.4533	66.9744	67.5775	68.1088	68.5545	68.9872	69.3061	69.6011
"Uganda"	800	57.1774	57.857	58.348	59.0354	59.7661	60.3696	61.1184	61.8158	62.5236	62.9385	63.4259	64.0358	64.5683	65.0052	65.4913	65.9764	66.2697
"United Republic of Tanzania"	834	63.591	64.1539	64.3751	64.1283	63.6036	63.0366	62.1382	61.6757	61.519	61.6079	61.7255	62.0657	62.3367	62.4579	62.8837	63.4175	64.0619
"Zambia"	894	58.495	59.4653	60.3872	61.3087	62.3307	63.2701	64.1024	64.6911	65.238	65.7904	66.3754	66.8244	67.289	67.6022	68.1134	68.524	68.7923
"Zimbabwe"	716	59.1899	59.992	60.8286	61.5736	62.2623	62.5963	63.1042	63.3011	63.2005	63.4433	63.5044	63.7199	63.514	63.4031	63.2943	62.9874	62.8184
