"country"	"country_code"	"2015-2020"	"2020-2025"	"2025-2030"	"2030-2035"	"2035-2040"	"2040-2045"	"2045-2050"	"2050-2055"	"2055-2060"	"2060-2065"	"2065-2070"	"2070-2075"	"2075-2080"	"2080-2085"	"2085-2090"	"2090-2095"	"2095-2100"
"World"	900	69.46445313	70.50830831	71.48104773	72.4196101	73.33043314	74.22920472	75.08225018	75.93399868	76.71809505	77.42200492	78.12519957	78.78202888	79.39949168	80.00689362	80.63311225	81.22781284	81.79673359
"More developed regions"	901	75.99441955	76.91879391	77.81962594	78.67212605	79.50715948	80.30251686	81.05906145	81.79372188	82.53645764	83.24473755	83.92656391	84.59723425	85.22127574	85.84479609	86.4223039	87.0033623	87.600087
"Less developed regions"	902	68.18229983	69.26800709	70.29752398	71.30405215	72.2785719	73.24102709	74.15108964	75.05869296	75.88147734	76.61293948	77.34195522	78.01438664	78.64269497	79.25630948	79.89593188	80.50115093	81.07522927
"Least developed countries"	941	62.54007142	64.00010216	65.35088065	66.60472108	67.76332871	68.85748465	69.85526266	70.78317053	71.63228361	72.39321807	73.13460879	73.8438845	74.52418676	75.19217763	75.82534145	76.47934934	77.09800413
"Other less developed countries"	934	69.47243685	70.52586862	71.51416921	72.48000056	73.42408109	74.36988233	75.28197556	76.21682645	77.07388883	77.85065117	78.63822213	79.36835021	80.0519116	80.71788487	81.42483061	82.06811836	82.68792342
"Less developed regions, excluding China"	948	66.38792628	67.54874857	68.61245309	69.65507167	70.63795215	71.60136809	72.51222342	73.43069898	74.28369948	75.05845468	75.85587017	76.60867683	77.32587179	78.01413354	78.71912737	79.3662854	79.98270241
"High-income countries"	1503	76.66688885	77.61274695	78.51676715	79.36366304	80.18578731	80.97383698	81.71544332	82.43552568	83.14987443	83.82139013	84.45606552	85.08514317	85.67537225	86.26888989	86.82969918	87.38925443	87.96224607
"Middle-income countries"	1517	68.8516919	69.90025586	70.88239704	71.84372485	72.78842696	73.73505263	74.64570941	75.57558295	76.42822168	77.2030222	77.9906491	78.72163341	79.40509643	80.07703841	80.78065665	81.42560368	82.0431842
"Upper-middle-income countries"	1502	72.83726185	73.86884867	74.94164957	75.97897706	77.05876738	78.16653512	79.24563737	80.29659361	81.23090443	82.06400351	82.80962868	83.46588256	84.05622174	84.62141298	85.17432239	85.72335407	86.24140409
"Lower-middle-income countries"	1501	65.7961543	66.88876923	67.85015565	68.79529806	69.68732124	70.58288767	71.46038109	72.4036857	73.31435692	74.17037745	75.09326186	75.97584121	76.81975039	77.64311361	78.49734755	79.25264588	79.97288158
"Low-income countries"	1500	60.8665171	62.51021065	64.04829138	65.4716294	66.76507835	67.96045788	69.04570342	70.04223224	70.9598114	71.77601922	72.55221787	73.29206311	74.00875948	74.69665507	75.36428865	76.05474462	76.70617911
"Sub-Saharan Africa"	947	57.87059644	59.51895598	61.12627448	62.67934007	64.1507759	65.49712806	66.73997576	67.89173953	68.93558092	69.88717172	70.79083313	71.66269229	72.46977331	73.21986553	73.97738148	74.69847442	75.42699688
"Africa"	903	59.93056425	61.41330946	62.86327806	64.28325871	65.63699662	66.88441831	68.0464038	69.12310017	70.10117697	70.99910347	71.84980408	72.66493752	73.4217614	74.13111873	74.85080944	75.54000254	76.23510445
"Eastern Africa"	910	61.58668319	63.271441	64.85370974	66.33321075	67.64653481	68.82254664	69.90609347	70.88441593	71.75517294	72.5521357	73.29586595	73.98799862	74.65771338	75.29813297	75.92428161	76.52300194	77.09314982
"Burundi"	108	55.99	57.58	59.33	61.16	62.84	64.37	65.74	66.95	68.07	69.13	70.08	70.86	71.59	72.28	73.02	73.72	74.41
"Comoros"	174	62.52	63.67	64.78	65.74	66.64	67.5	68.32	69.05	69.77	70.53	71.32	72.18	73.01	73.95	74.82	75.91	76.91
"Djibouti"	262	61.12	62.08	62.96	63.79	64.67	65.4	66.14	66.83	67.56	68.21	68.9	69.59	70.32	71.06	71.88	72.7	73.51
"Eritrea"	232	62.86	64.59	66.13	67.4	68.52	69.43	70.3	71.14	72	72.77	73.59	74.39	75.29	76.14	77.03	77.88	78.8
"Ethiopia"	231	63.74	65.73	67.47	68.98	70.22	71.22	72.16	73.1	73.99	74.82	75.5	76.12	76.72	77.31	77.9	78.48	79.06
"Kenya"	404	61.13	62.33	63.74	65.25	66.73	68.13	69.35	70.38	71.33	72.27	73.18	74.05	74.78	75.43	76.06	76.68	77.26
"Madagascar"	450	64.88	66.51	67.97	69.2	70.25	71.24	72.09	73	73.87	74.76	75.73	76.55	77.36	78.32	79.22	80.12	81.01
"Malawi"	454	64.85	66.47	68.06	69.48	70.73	71.84	72.81	73.66	74.36	74.95	75.5	76.03	76.55	77.06	77.57	78.07	78.56
"Mauritius"	480	71.55	72.46	73.4	74.37	75.32	76.31	77.3	78.35	79.4	80.43	81.4	82.25	83.01	83.71	84.36	84.95	85.52
"Mayotte"	175	77.58	79.09	80.35	81.35	82.21	82.97	83.7	84.41	85.09	85.73	86.35	86.97	87.56	88.18	88.77	89.4	89.97
"Mozambique"	508	54.96	56.85	59.12	61.33	63.32	65.11	66.74	67.98	68.87	69.66	70.43	71.2	71.97	72.74	73.49	74.15	74.75
"Reunion"	638	77.56	79.06	80.33	81.32	82.17	82.97	83.72	84.37	85.04	85.71	86.36	86.98	87.63	88.22	88.79	89.4	89.98
"Rwanda"	646	63.43	65.28	67	68.55	69.87	70.97	71.97	72.88	73.77	74.64	75.36	76.01	76.63	77.24	77.85	78.44	79.03
"Seychelles"	690	69.58	70.51	71.4	72.35	73.24	74.24	75.21	76.17	77.2	78.17	79.13	80.07	80.82	81.5	82.18	82.82	83.43
"Somalia"	706	54.89	56.47	58.07	59.57	60.95	62.22	63.44	64.49	65.52	66.52	67.41	68.23	69.02	69.64	70.36	71.06	71.72
"South Sudan"	728	56.07	57.99	59.64	61.24	62.56	63.74	64.8	65.74	66.57	67.2	67.88	68.33	68.94	69.48	69.98	70.5	71.02
"Uganda"	800	58.88	60.47	61.7	63.13	64.41	65.6	66.76	67.88	68.89	69.77	70.63	71.46	72.29	73.09	73.86	74.54	75.12
"United Republic of Tanzania"	834	65.22	66.88	68.28	69.44	70.49	71.46	72.4	73.22	73.93	74.57	75.12	75.65	76.18	76.7	77.21	77.71	78.21
"Zambia"	894	60.02	61.74	63.2	64.68	66.14	67.52	68.73	69.7	70.58	71.39	72.18	72.95	73.68	74.29	74.86	75.42	75.96
"Zimbabwe"	716	60.82	62.51	64.17	65.66	67.02	68.2	69.32	70.21	70.99	71.78	72.55	73.3	73.94	74.55	75.15	75.75	76.33
"Middle Africa"	911	56.13105006	57.89300103	59.65809128	61.3305265	62.92116671	64.39621855	65.69842037	66.90885543	68.03747323	69.01937197	69.966804	70.89995971	71.76603345	72.60399196	73.41563164	74.31553639	75.11673236
"Angola"	24	52.15	53.96	55.82	57.67	59.45	61.14	62.7	64.19	65.53	66.76	67.92	68.98	69.96	70.88	71.75	72.54	73.3
"Cameroon"	120	55.85	57.81	59.91	61.87	63.69	65.27	66.64	67.95	69.07	70.02	70.86	71.63	72.39	73.15	73.87	74.56	75.15
"Central African Republic"	140	51.12	53.64	56.19	58.82	61.26	63.53	65.53	67.18	68.6	69.84	70.83	71.74	72.66	73.56	74.42	75.15	75.79
"Chad"	148	51.42	52.83	54.28	55.66	57.12	58.61	60.12	61.53	62.99	64.47	65.83	67.12	68.53	69.79	71.02	72.42	73.88
"Congo"	178	62.4	64.43	66.08	67.49	68.76	69.85	70.76	71.54	72.25	72.98	73.68	74.36	74.97	75.48	75.98	76.47	76.96
"Dem. Republic of the Congo"	180	58.38	60.08	61.72	63.26	64.7	66.04	67.18	68.23	69.25	70.05	70.89	71.77	72.54	73.31	74.07	75	75.78
"Equatorial Guinea"	226	57.3	58.91	60.69	62.55	64.32	65.97	67.52	68.93	70.1	71.17	72.29	73.42	74.46	75.35	76.19	77.02	77.84
"Gabon"	266	65.06	66.6	68.01	69.25	70.25	71.1	71.87	72.62	73.34	74.03	74.68	75.23	75.72	76.2	76.68	77.15	77.61
"Sao Tome and Principe"	678	64.83	65.4	65.91	66.42	66.89	67.36	67.84	68.27	68.75	69.21	69.72	70.23	70.79	71.32	71.96	72.62	73.33
"Northern Africa"	912	69.62315325	70.53300202	71.40033636	72.29459017	73.16325276	74.00873534	74.87092646	75.69115368	76.46825124	77.26544638	78.04068281	78.78053945	79.49719734	80.23015952	80.93074638	81.61502066	82.28126573
"Algeria"	12	73.35	74.51	75.65	76.73	77.81	78.87	79.94	81.05	82.11	83.05	83.94	84.7	85.33	85.85	86.35	86.81	87.29
"Egypt"	818	69.6	70.43	71.23	72.05	72.84	73.67	74.58	75.43	76.26	77.16	78.12	79	80.02	80.9	81.87	82.75	83.6
"Libya"	434	69.51	70.27	71.01	71.8	72.59	73.39	74.24	75.1	76.09	76.99	77.86	78.75	79.7	80.68	81.62	82.52	83.38
"Morocco"	504	73.76	74.79	75.81	76.79	77.71	78.6	79.52	80.46	81.41	82.33	83.15	83.98	84.7	85.36	85.86	86.32	86.71
"Sudan"	729	62.63	63.65	64.6	65.51	66.4	67.16	67.9	68.6	69.21	69.87	70.52	71.22	71.78	72.61	73.29	74.07	74.88
"Tunisia"	788	73.18	74.06	74.89	75.76	76.55	77.4	78.24	79.06	79.92	80.81	81.66	82.56	83.32	84.1	84.71	85.27	85.71
"Western Sahara"	732	67.52	68.96	70.14	71.22	72.37	73.4	74.44	75.5	76.58	77.6	78.63	79.71	80.84	81.83	82.88	83.8	84.54
"Southern Africa"	913	55.83943515	57.43086865	59.28693283	61.13913883	62.94395762	64.68501172	66.22982494	67.43667847	68.41425614	69.39840042	70.37221932	71.33378738	72.27588718	73.09618372	73.87234912	74.61655412	75.32266933
"Botswana"	72	62.43	64.16	65.45	66.58	67.66	68.71	69.74	70.71	71.63	72.41	73.1	73.76	74.42	75.05	75.68	76.3	76.91
"Lesotho"	426	50.3	52.22	54.43	56.82	59.22	61.57	63.79	65.28	66.25	67.32	68.44	69.6	70.76	71.79	72.74	73.64	74.48
"Namibia"	516	62.82	63.95	65.22	66.41	67.56	68.69	69.8	70.86	71.85	72.78	73.54	74.22	74.87	75.5	76.11	76.71	77.29
"South Africa"	710	55.72	57.31	59.18	61.05	62.86	64.6	66.14	67.32	68.28	69.25	70.23	71.2	72.14	72.96	73.72	74.46	75.16
"Swaziland"	748	49.5	51.12	53.17	55.41	57.48	59.51	61.35	62.98	64.43	65.78	67.03	68.25	69.43	70.59	71.75	72.91	73.99
"Western Africa"	914	55.93494185	57.48948938	58.95994255	60.38570297	61.78641688	63.06654307	64.28936209	65.48306306	66.5819471	67.59314402	68.57132626	69.54902128	70.4424174	71.26039059	72.13292524	72.91355095	73.78588603
"Benin"	204	58.84	59.81	60.72	61.54	62.31	63.12	63.81	64.49	65.17	65.85	66.46	67.12	67.75	68.42	68.99	69.65	70.27
"Burkina Faso"	854	58.45	60.03	61.52	62.83	64.09	65.08	66	66.89	67.75	68.5	69.17	69.92	70.54	71.19	71.88	72.69	73.46
"Cabo Verde"	132	72.16	73.23	74.27	75.28	76.29	77.32	78.3	79.35	80.4	81.47	82.47	83.39	84.23	84.99	85.61	86.17	86.68
"Cote d'Ivoire"	384	52	53.97	55.98	58.01	60.02	61.96	63.81	65.53	67.12	68.57	69.88	71.07	72.16	73.16	74.07	74.92	75.7
"Gambia"	270	59.74	60.85	61.78	62.65	63.41	64.14	64.74	65.38	65.95	66.5	66.97	67.55	68.06	68.61	69.06	69.57	70.14
"Ghana"	288	60.96	61.78	62.52	63.23	63.91	64.55	65.21	65.83	66.38	67	67.55	68.13	68.67	69.24	69.92	70.5	71.14
"Guinea"	324	59.6	61.51	63.35	65.15	66.73	68.22	69.51	70.69	71.78	72.81	73.71	74.53	75.44	76.47	77.36	78.34	79.32
"Guinea-Bissau"	624	54.43	55.75	57	58.34	59.46	60.59	61.62	62.6	63.47	64.36	65.18	65.99	66.66	67.46	68.1	68.65	69.27
"Liberia"	430	60.98	62.62	64.03	65.28	66.38	67.36	68.12	68.86	69.53	70.19	70.74	71.31	71.89	72.46	73.08	73.72	74.37
"Mali"	466	59.79	62.1	64.2	66.1	67.78	69.33	70.55	71.71	72.67	73.52	74.45	75.34	76.25	77.08	77.95	78.88	79.91
"Mauritania"	478	62.05	62.73	63.34	63.9	64.41	65.02	65.54	66.03	66.55	67.02	67.47	67.94	68.36	68.78	69.26	69.75	70.22
"Niger"	562	61.88	63.7	65.28	66.59	67.73	68.68	69.48	70.2	70.82	71.34	71.94	72.52	73.23	73.75	74.35	74.98	75.67
"Nigeria"	566	53.33	54.75	56.09	57.44	58.86	60.14	61.44	62.77	63.99	65.11	66.21	67.33	68.3	69.16	70.1	70.86	71.79
"Senegal"	686	65.76	67.43	68.91	70.22	71.36	72.54	73.68	74.8	75.87	77.01	78.15	79.24	80.36	81.47	82.6	83.52	84.33
"Sierra Leone"	694	51.47	53.29	55.08	56.85	58.35	59.75	61.05	62.18	63.28	64.15	65	65.62	66.3	66.9	67.41	68.02	68.46
"Togo"	768	60.27	61.97	63.55	64.99	66.3	67.49	68.57	69.56	70.47	71.3	72.08	72.8	73.48	74.11	74.72	75.29	75.83
"Asia"	935	70.8952014	71.94965436	72.92202513	73.84409553	74.71584445	75.59739308	76.44354285	77.33078886	78.16215572	78.90951043	79.69000355	80.41536317	81.1269312	81.86459172	82.65114379	83.40816231	84.09863839
"Eastern Asia"	906	75.74224449	76.75161147	77.79854477	78.75899273	79.76437065	80.82381966	81.90188477	83.00095691	84.00976586	84.90514883	85.66324875	86.32486873	86.92436211	87.55425709	88.17501346	88.83520943	89.42987895
"China"	156	75.03	76.1	77.23	78.27	79.37	80.51	81.66	82.83	83.9	84.85	85.64	86.31	86.91	87.55	88.18	88.85	89.45
"China, Hong Kong SAR"	344	81.68	82.42	83.14	83.81	84.45	85.07	85.64	86.23	86.81	87.39	87.92	88.46	89	89.5	90.08	90.56	91.09
"China, Macao SAR"	446	79.31	80.57	81.75	82.76	83.61	84.39	85.09	85.78	86.4	86.99	87.6	88.19	88.77	89.38	89.95	90.5	91.07
"Dem. People's Rep. of Korea"	408	67.48	68.62	69.74	70.79	71.85	72.89	73.98	75.02	76.11	77.13	78.25	79.36	80.41	81.41	82.32	83.09	83.84
"Japan"	392	80.8	81.54	82.25	82.96	83.6	84.24	84.85	85.46	86.04	86.63	87.16	87.76	88.35	88.87	89.38	89.95	90.49
"Mongolia"	496	66.38	67.95	69.37	70.77	72.04	73.32	74.6	75.86	77.02	78.21	79.35	80.35	81.23	82.06	82.74	83.41	83.97
"Republic of Korea"	410	79.53	80.59	81.54	82.44	83.19	83.96	84.68	85.36	86	86.63	87.21	87.84	88.37	88.91	89.5	90.05	90.57
"Other non-specified areas"	158	77.59	78.78	79.97	81.09	81.98	82.78	83.49	84.13	84.8	85.39	85.98	86.53	87.1	87.7	88.26	88.84	89.39
"South-Central Asia"	921	67.72320705	68.96237445	70.02253494	71.03923798	71.9524813	72.86803576	73.73220097	74.69474649	75.61122448	76.46238911	77.43850494	78.35065165	79.26612513	80.20643138	81.19415987	82.07740082	82.84595017
"Central Asia"	5500	65.07286192	65.69874311	66.30058528	66.87552607	67.47481741	68.06837853	68.69565506	69.33687413	69.98177027	70.66356454	71.39948465	72.14628455	72.95803238	73.73058826	74.58397767	75.4326187	76.27861892
"Kazakhstan"	398	64.87	65.47	66.07	66.7	67.36	68	68.7	69.44	70.23	71.02	71.92	72.74	73.65	74.5	75.4	76.23	77.19
"Kyrgyzstan"	417	66.89	67.46	68.04	68.66	69.31	69.94	70.63	71.3	72.01	72.72	73.49	74.35	75.24	75.97	76.86	77.77	78.62
"Tajikistan"	762	66.63	67.28	67.92	68.5	69.17	69.87	70.54	71.21	71.93	72.7	73.49	74.29	75.11	76.01	76.82	77.73	78.68
"Turkmenistan"	795	61.95	62.58	63.2	63.75	64.36	64.95	65.48	66.03	66.59	67.21	67.87	68.52	69.16	69.88	70.61	71.38	72.21
"Uzbekistan"	860	65.37	65.88	66.35	66.76	67.19	67.64	68.16	68.69	69.21	69.79	70.38	71.01	71.72	72.36	73.15	73.93	74.6
"Southern Asia"	5501	67.81984656	69.08118347	70.15697019	71.19027162	72.11620745	73.04415224	73.91554968	74.88790224	75.81245857	76.66870629	77.6537555	78.57204409	79.491101	80.43878549	81.43366023	82.32081175	83.08815516
"Afghanistan"	4	60.33	61.75	63.01	64.11	64.98	65.89	66.67	67.37	68.1	68.74	69.35	69.89	70.47	71.14	71.72	72.31	72.9
"Bangladesh"	50	71.6	72.99	74.15	75.05	75.88	76.69	77.43	78.19	79	79.73	80.57	81.35	82.11	82.91	83.56	84.23	84.84
"Bhutan"	64	70.35	71.72	72.83	73.81	74.72	75.62	76.46	77.33	78.18	79.1	79.89	80.83	81.67	82.45	83.18	83.97	84.56
"India"	356	67.65	68.99	70.11	71.22	72.21	73.19	74.12	75.2	76.23	77.18	78.29	79.31	80.33	81.38	82.5	83.47	84.26
"Iran (Islamic Republic of)"	364	74.74	75.46	76.12	76.83	77.53	78.19	78.91	79.61	80.35	81.04	81.79	82.53	83.22	83.83	84.45	84.98	85.43
"Maldives"	462	76.66	77.71	78.69	79.69	80.59	81.53	82.38	83.28	83.97	84.62	85.23	85.79	86.19	86.53	86.86	87.31	87.66
"Nepal"	524	69.38	70.83	72.08	73.2	74.23	75.3	76.28	77.28	78.25	79.22	80.22	81.2	82.17	83.2	84.04	84.79	85.39
"Pakistan"	586	65.77	66.5	67.2	67.88	68.53	69.22	69.79	70.43	71.04	71.74	72.45	73.2	73.96	74.77	75.67	76.58	77.57
"Sri Lanka"	144	72.17	73.1	74.11	75.12	76.11	77.15	78.14	79.18	80.21	81.17	82.02	82.8	83.52	84.14	84.71	85.25	85.84
"South-Eastern Asia"	920	68.41940141	69.25549248	70.05508498	70.8360357	71.55572797	72.28501319	73.03199741	73.7647548	74.55405001	75.26386709	75.99331644	76.73438762	77.48135099	78.19913045	78.98262475	79.77664102	80.59696101
"Brunei Darussalam"	96	77.77	78.88	80.01	81.14	82.28	83.29	84.17	84.96	85.66	86.31	86.91	87.53	88.15	88.71	89.29	89.84	90.39
"Cambodia"	116	67.69	69.66	71.43	72.96	74.3	75.57	76.77	77.92	79.03	80.11	81.06	82.12	83.07	83.86	84.58	85.14	85.68
"Indonesia"	360	67.43	68.16	68.87	69.54	70.14	70.79	71.46	72.14	72.97	73.69	74.41	75.21	76.09	76.9	77.81	78.72	79.72
"Lao People's Dem. Republic"	418	66.13	68.01	69.68	71.14	72.52	73.7	74.78	75.86	76.86	77.88	78.91	79.9	80.87	81.78	82.64	83.59	84.27
"Malaysia"	458	73	73.8	74.66	75.54	76.42	77.3	78.25	79.18	80.13	81.12	82.1	82.99	83.76	84.44	85.06	85.66	86.21
"Myanmar"	104	64.37	65.09	65.76	66.42	67.01	67.58	68.11	68.72	69.25	69.8	70.42	71.04	71.72	72.41	73.14	73.87	74.63
"Philippines"	608	65.39	65.99	66.6	67.22	67.77	68.38	69.08	69.73	70.47	71.15	71.97	72.82	73.65	74.52	75.43	76.36	77.24
"Singapore"	702	80.63	81.53	82.38	83.14	83.92	84.63	85.3	85.92	86.52	87.14	87.78	88.36	88.97	89.56	90.08	90.65	91.17
"Thailand"	764	71.82	72.82	73.81	74.83	75.86	76.89	77.89	78.96	79.98	80.99	81.88	82.65	83.41	84.09	84.71	85.24	85.78
"Timor-Leste"	626	67.53	68.79	69.85	70.77	71.65	72.55	73.38	74.31	75.16	76.08	77	77.9	78.74	79.74	80.64	81.56	82.46
"Viet Nam"	704	71.67	72.6	73.6	74.59	75.61	76.65	77.74	78.78	79.68	80.48	81.25	81.94	82.56	83.17	83.75	84.34	84.87
"Western Asia"	922	71.25515146	72.18986038	73.04810038	73.92933784	74.79278057	75.65273553	76.40964605	77.17409178	77.87213836	78.52465846	79.16241163	79.78070091	80.37011124	80.95158191	81.51017053	82.07696885	82.6352024
"Armenia"	51	71.47	72.24	73.02	73.87	74.71	75.59	76.42	77.36	78.29	79.2	80.1	80.87	81.63	82.31	82.95	83.52	84.08
"Azerbaijan"	31	67.97	68.42	68.87	69.32	69.86	70.52	71.07	71.72	72.35	73.09	73.81	74.59	75.33	76.17	77	77.82	78.65
"Bahrain"	48	76.23	76.92	77.63	78.32	79.09	79.82	80.59	81.34	82.15	82.92	83.71	84.4	85.03	85.59	86.06	86.49	86.86
"Cyprus"	196	78.68	79.69	80.71	81.72	82.65	83.42	84.09	84.73	85.31	85.9	86.46	87.02	87.58	88.08	88.67	89.14	89.68
"Georgia"	268	71.7	72.54	73.41	74.23	75.1	76.02	76.99	77.91	78.92	79.87	80.75	81.62	82.33	83.03	83.66	84.27	84.81
"Iraq"	368	67.73	68.42	69.07	69.64	70.26	70.89	71.48	72.09	72.81	73.51	74.28	75.01	75.79	76.56	77.35	78.26	79.11
"Israel"	376	81.33	82.46	83.38	84.14	84.84	85.55	86.2	86.86	87.47	88.1	88.71	89.33	89.93	90.53	91.11	91.73	92.34
"Jordan"	400	72.91	73.64	74.34	75.12	75.91	76.62	77.43	78.25	79.1	79.98	80.88	81.76	82.67	83.5	84.28	84.99	85.51
"Kuwait"	414	73.77	74.24	74.73	75.25	75.82	76.4	77.02	77.66	78.39	79.05	79.73	80.52	81.36	82.09	82.87	83.59	84.25
"Lebanon"	422	78.62	80.12	81.57	82.9	83.92	84.79	85.57	86.23	86.88	87.48	88.02	88.54	89.04	89.54	89.99	90.43	90.91
"Oman"	512	75.97	77.24	78.49	79.69	80.9	82.08	83.16	84.11	84.93	85.6	86.16	86.67	87.19	87.67	88.16	88.66	89.09
"Qatar"	634	77.92	78.77	79.62	80.51	81.41	82.3	83.16	83.97	84.76	85.4	85.93	86.44	86.84	87.32	87.78	88.25	88.77
"Saudi Arabia"	682	73.51	74.2	74.91	75.57	76.27	77.01	77.69	78.51	79.21	80	80.77	81.58	82.37	83.18	83.9	84.58	85.18
"State of Palestine"	275	71.49	72.23	72.97	73.75	74.54	75.35	76.16	77	77.84	78.75	79.62	80.51	81.48	82.43	83.26	83.98	84.74
"Syrian Arab Republic"	760	65.18	66.37	67.48	68.69	69.89	71.01	72.13	73.31	74.49	75.62	76.78	77.85	78.73	79.57	80.32	81.07	81.71
"Turkey"	792	72.98	74.35	75.66	76.94	78.16	79.44	80.54	81.64	82.51	83.28	83.99	84.63	85.21	85.77	86.31	86.74	87.22
"United Arab Emirates"	784	76.92	77.79	78.68	79.64	80.59	81.55	82.51	83.48	84.34	85.06	85.71	86.23	86.68	87.12	87.68	88.09	88.63
"Yemen"	887	63.1	63.91	64.7	65.43	66.09	66.74	67.34	67.97	68.59	69.18	69.73	70.37	70.99	71.7	72.39	73.11	73.82
"Europe"	908	74.34467919	75.2748437	76.18397058	77.03391385	77.83907535	78.60343322	79.33077634	80.08143067	80.8476189	81.59179563	82.34122188	83.06625271	83.75002962	84.45203357	85.0928754	85.73299753	86.38722338
"Eastern Europe"	923	67.53932235	68.22755125	68.94221131	69.65812693	70.40383591	71.14210419	71.86031935	72.62838188	73.38842644	74.12781857	74.8677413	75.60423008	76.30669917	77.08032291	77.79407104	78.53180212	79.27235829
"Belarus"	112	65.92	66.59	67.22	67.94	68.66	69.38	70.08	70.86	71.65	72.41	73.36	74.12	74.96	75.89	76.79	77.61	78.39
"Bulgaria"	100	71.14	71.72	72.28	72.9	73.52	74.17	74.89	75.63	76.35	77.14	77.92	78.69	79.47	80.28	81.04	81.76	82.44
"Czech Republic"	203	76.27	77.19	78.16	79.16	80.11	81.05	81.86	82.58	83.29	83.93	84.51	85.07	85.6	86.14	86.65	87.19	87.72
"Hungary"	348	71.93	72.68	73.45	74.17	74.99	75.83	76.68	77.59	78.47	79.38	80.3	81.14	81.88	82.52	83.15	83.71	84.31
"Poland"	616	74.09	75.13	76.17	77.26	78.35	79.35	80.24	81.04	81.73	82.36	82.98	83.54	84.16	84.73	85.23	85.72	86.24
"Republic of Moldova"	498	67.6	68.06	68.5	69.04	69.56	70.1	70.7	71.3	71.92	72.56	73.26	73.97	74.68	75.44	76.31	77.13	77.87
"Romania"	642	71.62	72.36	73.16	73.97	74.77	75.62	76.51	77.41	78.34	79.24	80.19	81.08	81.89	82.57	83.21	83.82	84.4
"Russian Federation"	643	64.74	65.4	66.05	66.7	67.41	68.13	68.81	69.59	70.4	71.2	71.98	72.8	73.58	74.49	75.33	76.22	77.11
"Slovakia"	703	73	73.76	74.58	75.38	76.23	77.12	78.03	78.94	79.82	80.68	81.45	82.16	82.83	83.46	83.99	84.54	85.05
"Ukraine"	804	66.15	66.61	67.08	67.57	68.12	68.62	69.2	69.79	70.36	70.95	71.6	72.28	72.94	73.66	74.4	75.17	75.88
"Northern Europe"	924	78.85343988	79.87643465	80.86093513	81.81838124	82.6607785	83.42242404	84.09659519	84.73155884	85.37015665	85.95860955	86.51138367	87.088712	87.64540924	88.20262088	88.73560657	89.27523088	89.7888393
"Channel Islands"	830	79.34	80.26	81.19	82.14	83	83.76	84.42	85.02	85.61	86.16	86.73	87.3	87.84	88.42	89	89.52	90.04
"Denmark"	208	78.88	79.79	80.7	81.64	82.55	83.38	84.09	84.72	85.32	85.9	86.42	86.95	87.49	88.02	88.54	89.05	89.6
"Estonia"	233	72.51	73.51	74.53	75.54	76.54	77.57	78.58	79.45	80.21	80.9	81.54	82.15	82.77	83.3	83.88	84.41	84.95
"Finland"	246	78.79	79.99	81.01	81.86	82.58	83.24	83.9	84.48	85.09	85.69	86.26	86.84	87.37	87.95	88.48	89.02	89.57
"Iceland"	352	81.74	82.73	83.56	84.27	84.92	85.56	86.15	86.77	87.32	87.89	88.44	89	89.52	90.07	90.59	91.16	91.7
"Ireland"	372	79.54	80.68	81.78	82.72	83.51	84.21	84.83	85.43	86.01	86.6	87.17	87.67	88.19	88.72	89.23	89.74	90.2
"Latvia"	428	69.53	70.26	71	71.77	72.55	73.32	74.18	75.1	75.94	76.77	77.64	78.5	79.31	80.09	80.79	81.42	82.02
"Lithuania"	440	68.16	68.95	69.78	70.59	71.45	72.32	73.2	74.09	75.04	75.98	76.92	77.77	78.59	79.39	80.09	80.7	81.3
"Norway"	578	80.21	81.19	82.15	82.95	83.64	84.28	84.88	85.46	86.03	86.59	87.16	87.69	88.2	88.75	89.28	89.82	90.35
"Sweden"	752	81.11	82.16	83.06	83.81	84.46	85.08	85.7	86.25	86.84	87.37	87.92	88.47	89.01	89.55	90.11	90.62	91.16
"United Kingdom"	826	79.4	80.35	81.31	82.3	83.15	83.9	84.53	85.13	85.74	86.29	86.79	87.34	87.87	88.4	88.91	89.44	89.93
"Southern Europe"	925	79.50762366	80.43112186	81.28704956	82.07285255	82.83467671	83.55187004	84.25265642	84.92969477	85.57468932	86.19008724	86.81252366	87.41193494	88.03463428	88.69687322	89.26296536	89.83111373	90.4104167
"Albania"	8	76.06	77.1	78.12	79.16	80.24	81.31	82.25	83.12	83.89	84.55	85.18	85.79	86.32	86.86	87.37	87.91	88.41
"Bosnia and Herzegovina"	70	74.56	75.43	76.33	77.26	78.19	79.15	80.11	81.1	82.03	82.95	83.68	84.37	84.98	85.58	86.07	86.56	87.04
"Croatia"	191	74.68	75.7	76.73	77.8	78.84	79.91	80.88	81.73	82.5	83.19	83.83	84.44	85.03	85.61	86.11	86.61	87.17
"Greece"	300	78.81	79.98	80.99	81.79	82.51	83.17	83.81	84.43	85.03	85.63	86.23	86.79	87.35	87.95	88.5	89.05	89.6
"Italy"	380	81.33	82.16	82.95	83.67	84.39	85.05	85.72	86.38	87.05	87.65	88.29	88.86	89.49	90.16	90.7	91.26	91.87
"Malta"	470	79.56	80.55	81.59	82.59	83.53	84.28	84.97	85.62	86.24	86.89	87.39	87.97	88.5	89	89.57	90.12	90.62
"Montenegro"	499	74.42	75.03	75.65	76.34	77.02	77.73	78.43	79.18	79.99	80.77	81.58	82.37	83.12	83.89	84.49	85.03	85.6
"Portugal"	620	78.84	80.2	81.25	82.09	82.88	83.62	84.34	85.01	85.71	86.38	86.99	87.57	88.21	88.89	89.47	90.03	90.63
"Serbia"	688	72.55	73.26	74.01	74.78	75.6	76.41	77.3	78.15	79.01	79.95	80.88	81.73	82.54	83.27	83.88	84.5	85.04
"Slovenia"	705	78.08	79.22	80.36	81.24	81.99	82.67	83.32	83.96	84.55	85.17	85.72	86.33	86.86	87.46	88.03	88.58	89.13
"Spain"	724	80.54	81.37	82.12	82.83	83.48	84.11	84.75	85.37	85.95	86.53	87.1	87.67	88.22	88.82	89.35	89.89	90.44
"TFYR Macedonia"	807	73.64	74.46	75.24	76.07	76.99	77.87	78.73	79.66	80.59	81.49	82.42	83.27	84.01	84.68	85.28	85.84	86.38
"Western Europe"	926	79.67989029	80.70887387	81.65077213	82.47859958	83.20256271	83.88979666	84.52712424	85.15499126	85.78002436	86.35613014	86.96271769	87.53135183	88.07863682	88.64064558	89.21795067	89.75603377	90.32275295
"Austria"	40	79.69	80.89	81.87	82.67	83.36	84.07	84.75	85.42	86.05	86.63	87.22	87.78	88.37	88.95	89.52	90.07	90.67
"Belgium"	56	79.07	80.2	81.29	82.19	82.97	83.67	84.34	84.96	85.56	86.1	86.71	87.27	87.8	88.38	88.98	89.46	89.97
"France"	250	79.97	80.84	81.62	82.33	83.01	83.68	84.26	84.9	85.52	86.12	86.7	87.28	87.81	88.35	88.92	89.5	90.05
"Germany"	276	79.28	80.39	81.45	82.37	83.14	83.85	84.52	85.13	85.78	86.34	86.97	87.54	88.11	88.67	89.27	89.79	90.38
"Luxembourg"	442	80.15	81.36	82.3	83.11	83.86	84.59	85.3	85.92	86.55	87.17	87.77	88.41	89.01	89.58	90.18	90.75	91.38
"Netherlands"	528	80.28	81.26	82.22	83.06	83.79	84.43	85.04	85.66	86.23	86.78	87.37	87.89	88.41	88.95	89.46	89.96	90.53
"Switzerland"	756	81.59	82.43	83.19	83.88	84.55	85.2	85.86	86.47	87.1	87.68	88.26	88.81	89.38	89.98	90.54	91.09	91.62
"Latin America and the Caribbean"	904	72.48306062	73.7040878	74.88815026	76.06301519	77.2328359	78.39052967	79.48723002	80.5323061	81.44530272	82.24819125	82.98979121	83.68332628	84.34503812	84.95052322	85.5623477	86.12176372	86.68731265
"Caribbean"	915	70.8057529	71.84580154	72.85775943	73.84867175	74.78053681	75.62693939	76.35697172	77.05986402	77.71087763	78.36361139	79.03848715	79.69518714	80.43129568	81.08038027	81.75370549	82.45868095	83.08934174
"Antigua and Barbuda"	28	74.15	75.04	75.94	76.88	77.8	78.75	79.78	80.8	81.8	82.7	83.48	84.16	84.8	85.42	85.99	86.56	87.05
"Aruba"	533	73.51	74.17	74.84	75.56	76.33	77.06	77.84	78.63	79.43	80.25	81.06	81.9	82.68	83.34	83.98	84.57	85.13
"Bahamas"	44	72.89	73.8	74.69	75.63	76.58	77.58	78.57	79.6	80.61	81.58	82.39	83.16	83.84	84.48	85.1	85.66	86.22
"Barbados"	52	73.73	74.56	75.46	76.35	77.25	78.23	79.09	80.09	81.06	82.02	82.87	83.67	84.32	84.96	85.56	86.08	86.59
"Cuba"	192	78.11	79.14	80.18	81.21	82.2	83.12	83.9	84.58	85.24	85.82	86.37	86.93	87.48	87.96	88.46	88.96	89.46
"Curacao"	531	75.48	76.53	77.58	78.64	79.74	80.73	81.66	82.43	83.14	83.81	84.43	85	85.52	86.06	86.58	87.08	87.6
"Dominican Republic"	214	71.07	71.94	72.84	73.73	74.66	75.58	76.43	77.39	78.32	79.24	80.21	81.07	81.97	82.76	83.5	84.24	84.77
"Grenada"	308	71.44	72.18	72.89	73.63	74.41	75.22	76.04	76.94	77.84	78.74	79.68	80.59	81.58	82.44	83.22	83.94	84.65
"Guadeloupe"	312	78.5	79.8	80.76	81.68	82.51	83.32	84.14	84.83	85.51	86.18	86.87	87.47	88.09	88.73	89.29	89.91	90.51
"Haiti"	332	61.7	63.09	64.34	65.49	66.55	67.5	68.36	69.21	70.01	70.84	71.62	72.38	73.3	74.12	75.03	76	76.91
"Jamaica"	388	73.75	74.46	75.18	75.99	76.77	77.58	78.42	79.34	80.24	81.12	81.99	82.79	83.51	84.18	84.76	85.33	85.85
"Martinique"	474	79.45	80.57	81.55	82.44	83.27	84.05	84.8	85.49	86.17	86.87	87.5	88.15	88.73	89.38	89.99	90.59	91.15
"Puerto Rico"	630	76.36	77.58	78.71	79.67	80.45	81.15	81.81	82.39	82.99	83.53	84.11	84.67	85.21	85.74	86.29	86.77	87.32
"Saint Lucia"	662	72.92	73.69	74.47	75.33	76.15	77.02	77.88	78.82	79.75	80.68	81.6	82.43	83.17	83.86	84.52	85.08	85.63
"St. Vincent and the Grenadines"	670	71.17	71.65	72.17	72.75	73.28	73.89	74.53	75.23	75.94	76.62	77.4	78.19	78.97	79.78	80.58	81.41	82.22
"Trinidad and Tobago"	780	67.3	67.78	68.2	68.69	69.22	69.85	70.4	71.06	71.73	72.46	73.14	73.92	74.7	75.53	76.31	77.18	78.05
"United States Virgin Islands"	850	78.55	79.88	81.08	82.02	82.8	83.54	84.26	84.9	85.56	86.12	86.72	87.3	87.86	88.42	89	89.55	90.09
"Central America"	916	74.18459783	75.27455031	76.33559952	77.42372025	78.51436413	79.62697615	80.6735398	81.66621747	82.53951231	83.3260759	84.02759909	84.72538895	85.33891579	85.89316901	86.45736155	87.01569907	87.56697633
"Belize"	84	67.75	68.29	68.77	69.29	69.84	70.45	71.08	71.79	72.48	73.26	73.97	74.73	75.51	76.38	77.26	78.2	79.09
"Costa Rica"	188	77.82	78.91	79.95	81.06	82.06	82.94	83.66	84.28	84.91	85.45	85.99	86.53	87.02	87.53	88	88.43	88.91
"El Salvador"	222	69.21	70.47	71.71	72.89	74.05	75.23	76.41	77.57	78.74	79.78	80.66	81.42	82.14	82.82	83.44	84.02	84.57
"Guatemala"	320	69.1	70.22	71.3	72.32	73.35	74.4	75.33	76.36	77.41	78.46	79.47	80.49	81.47	82.3	83.06	83.8	84.42
"Honduras"	340	71.38	72.31	73.25	74.16	75.1	76.03	76.98	77.93	78.95	79.92	80.88	81.87	82.82	83.67	84.36	85	85.58
"Mexico"	484	75.15	76.24	77.3	78.4	79.52	80.66	81.75	82.76	83.62	84.39	85.06	85.73	86.29	86.8	87.35	87.9	88.47
"Nicaragua"	558	72.91	74.31	75.66	76.93	78.16	79.42	80.58	81.73	82.64	83.53	84.22	84.88	85.44	86	86.5	86.98	87.45
"Panama"	591	75.33	76.36	77.34	78.37	79.36	80.34	81.29	82.15	82.86	83.52	84.11	84.68	85.19	85.7	86.13	86.55	87.01
"South America"	931	72.06186326	73.34227976	74.57773386	75.79096546	77.00392733	78.19827041	79.33475951	80.41430339	81.34979942	82.16050758	82.91690945	83.60350745	84.2663916	84.87830217	85.4973798	86.03872561	86.60035635
"Argentina"	32	73.17	74.2	75.23	76.29	77.38	78.51	79.56	80.54	81.43	82.16	82.84	83.49	84.14	84.73	85.33	85.9	86.48
"Bolivia (Plurinational State of)"	68	67.14	68.68	70.03	71.23	72.31	73.41	74.4	75.36	76.34	77.28	78.2	79.14	80.08	81.07	82.04	82.84	83.62
"Brazil"	76	71.76	73.17	74.53	75.84	77.19	78.48	79.7	80.83	81.74	82.49	83.24	83.9	84.55	85.13	85.75	86.26	86.8
"Chile"	152	79.82	81.04	82.03	82.91	83.73	84.48	85.18	85.88	86.54	87.15	87.73	88.3	88.84	89.39	89.9	90.47	91.01
"Colombia"	170	71.23	72.31	73.38	74.45	75.48	76.57	77.66	78.81	79.85	80.91	81.82	82.63	83.35	84.03	84.7	85.26	85.81
"Ecuador"	218	74.08	75.3	76.45	77.65	78.8	79.95	81.11	82.13	83.08	83.89	84.61	85.25	85.84	86.37	86.89	87.38	87.94
"French Guiana"	254	77.26	78.79	80.12	81.18	82.08	82.89	83.66	84.35	85.09	85.8	86.41	87.04	87.67	88.29	88.86	89.46	90.08
"Guyana"	328	64.43	64.87	65.24	65.69	66.13	66.53	66.97	67.38	67.87	68.34	68.9	69.38	70.01	70.67	71.27	72.09	72.88
"Paraguay"	600	71.03	71.43	71.89	72.37	72.91	73.47	74.07	74.76	75.44	76.19	76.94	77.72	78.57	79.39	80.22	81.1	81.96
"Peru"	604	72.92	74.24	75.56	76.84	78.09	79.31	80.5	81.67	82.77	83.68	84.47	85.12	85.76	86.39	86.95	87.47	88.02
"Suriname"	740	68.39	69	69.59	70.29	70.99	71.68	72.42	73.2	73.98	74.83	75.59	76.47	77.35	78.32	79.23	80.17	81.08
"Uruguay"	858	74.15	75.07	76.02	76.93	77.94	78.92	79.93	80.81	81.61	82.32	82.98	83.61	84.22	84.81	85.38	85.92	86.49
"Venezuela (Bolivarian Republic of)"	862	70.93	71.96	72.98	74.03	75.1	76.17	77.26	78.34	79.41	80.39	81.24	82.02	82.71	83.36	83.97	84.54	85.08
"Northern America"	905	77.61579608	78.50476297	79.39793419	80.27615855	81.22097688	82.09177102	82.8927499	83.5525962	84.20518078	84.80303747	85.350318	85.91297899	86.42910708	86.94271054	87.42433048	87.89695256	88.39605819
"Canada"	124	80.75	81.82	82.72	83.46	84.15	84.81	85.39	85.96	86.54	87.1	87.67	88.24	88.76	89.3	89.82	90.37	90.88
"United States of America"	840	77.27	78.14	79.03	79.92	80.89	81.78	82.6	83.28	83.94	84.54	85.09	85.65	86.17	86.68	87.16	87.62	88.12
"Oceania"	909	76.31050147	77.20618184	77.89136779	78.50272876	79.06007779	79.62272338	80.17599359	80.69025307	81.21397051	81.74491994	82.24405461	82.77418877	83.34094795	83.87817501	84.463016	85.10821435	85.72895175
"Australia/New Zealand"	927	81.00983127	82.03447803	82.86429718	83.58576281	84.25720086	84.9169226	85.55026965	86.13633721	86.75226526	87.36866666	87.96486736	88.58699179	89.17008973	89.73051865	90.27595818	90.86894065	91.45384091
"Australia"	36	81.06	82.08	82.88	83.58	84.24	84.9	85.53	86.12	86.73	87.35	87.95	88.58	89.16	89.72	90.26	90.86	91.45
"New Zealand"	554	80.75	81.81	82.8	83.61	84.35	85.02	85.66	86.25	86.88	87.47	88.05	88.61	89.21	89.81	90.38	90.92	91.46
"Melanesia"	928	62.71022354	63.50445031	64.23628009	65.00278296	65.7011296	66.38804049	67.06525586	67.724849	68.37612054	69.06011624	69.69625317	70.32851841	71.04718575	71.68478683	72.41418951	73.20670995	73.96478158
"Fiji"	242	67.67	68.41	69.13	69.91	70.66	71.45	72.24	73.09	73.95	74.91	75.8	76.71	77.63	78.66	79.68	80.59	81.54
"New Caledonia"	540	74.71	75.86	77.03	78.21	79.38	80.54	81.59	82.6	83.44	84.16	84.82	85.44	86.04	86.65	87.19	87.75	88.3
"Papua New Guinea"	598	61.12	61.95	62.71	63.5	64.2	64.9	65.59	66.24	66.89	67.57	68.2	68.82	69.55	70.17	70.9	71.7	72.47
"Solomon Islands"	90	67.21	68.12	68.95	69.69	70.42	71.07	71.71	72.46	73.28	73.99	74.79	75.59	76.38	77.27	78.22	79.24	80.1
"Vanuatu"	548	70.66	71.71	72.62	73.6	74.61	75.53	76.52	77.57	78.5	79.5	80.55	81.56	82.56	83.42	84.16	84.89	85.49
"Micronesia"	954	71.60042813	72.70176795	73.75386998	74.74722974	75.58859648	76.28994307	76.94877131	77.57400801	78.21166077	78.82520893	79.49629169	80.20700352	80.91172205	81.60202794	82.28067163	82.96577744	83.65280568
"Guam"	316	77.58	79.02	80.46	81.74	82.75	83.63	84.45	85.21	85.95	86.63	87.26	87.92	88.57	89.24	89.88	90.54	91.08
"Kiribati"	296	63.51	64.39	65.2	65.96	66.68	67.27	67.92	68.57	69.3	69.99	70.8	71.58	72.34	73.11	73.94	74.83	75.78
"Micronesia (Fed. States of)"	583	68.51	69.03	69.52	69.98	70.49	70.97	71.48	72.06	72.68	73.34	73.99	74.77	75.54	76.42	77.36	78.25	79.27
"Polynesia"	957	72.91859325	74.10403913	75.25842916	76.38710589	77.54084186	78.68483468	79.79529404	80.84368843	81.77469655	82.58412053	83.30667521	83.98597534	84.6128686	85.2322727	85.8193079	86.40119991	86.96858781
"French Polynesia"	258	75.13	76.33	77.53	78.71	79.9	81.08	82.23	83.26	84.16	84.94	85.62	86.26	86.88	87.47	88.05	88.62	89.22
"Samoa"	882	71.28	72.56	73.78	74.96	76.19	77.37	78.5	79.66	80.74	81.71	82.6	83.44	84.09	84.75	85.34	85.89	86.42
"Tonga"	776	70.43	71.2	71.99	72.78	73.61	74.48	75.38	76.33	77.28	78.2	79.17	80.13	81.12	82	82.74	83.48	84.12
