"name"	"country_code"	"2015-2020"	"2020-2025"	"2025-2030"	"2030-2035"	"2035-2040"	"2040-2045"	"2045-2050"	"2050-2055"	"2055-2060"	"2060-2065"	"2065-2070"	"2070-2075"	"2075-2080"	"2080-2085"	"2085-2090"	"2090-2095"	"2095-2100"
"Afghanistan"	4	57.7958	57.709	57.9725	58.2425	58.2958	58.6604	58.933	59.0882	59.4999	59.6803	59.8833	60.0551	60.2432	60.2887	60.3982	60.6887	60.9668
"Albania"	8	74.2337	74.4148	74.7898	75.2263	75.7398	76.3098	76.8821	77.4692	78.1541	78.8857	79.5548	80.1068	80.7173	81.3535	81.8504	82.3979	82.7212
"Algeria"	12	71.2681	71.4573	71.8204	72.1449	72.4357	72.8581	73.4571	73.9532	74.4992	75.0833	75.5599	76.1311	76.7746	77.2713	78.0049	78.7463	79.1223
"Antigua and Barbuda"	28	72.2884	72.3312	72.5247	72.6702	72.9822	73.4379	73.833	74.3489	74.78	75.3515	75.9309	76.4038	76.9772	77.517	78.1999	78.7418	79.5549
"Argentina"	32	71.362	71.4715	71.8155	72.2633	72.7815	73.3488	73.8562	74.6577	75.2515	76.0921	76.8363	77.4709	78.1539	78.7977	79.4038	79.9185	80.4225
"Armenia"	51	69.6119	69.4573	69.502	69.6221	69.8246	70.1534	70.5059	70.7101	71.1996	71.541	71.9613	72.4457	72.6936	73.1948	73.6592	74.0974	74.5108
"Aruba"	533	71.6422	71.3044	71.2977	71.3056	71.5209	71.6787	71.8041	71.9746	72.2022	72.5263	72.877	73.147	73.6162	73.9137	74.2179	74.7109	75.3349
"Australia"	36	79.4917	79.9574	80.3462	80.9075	81.3913	81.76	82.013	82.4136	82.6464	82.9961	83.4767	83.7873	84.0094	84.3056	84.6143	84.9621	85.2577
"Austria"	40	78.0327	78.5065	79.0505	79.6513	80.1713	80.776	81.1672	81.4955	81.8708	82.1204	82.4761	82.7888	83.2097	83.4794	83.8395	84.1294	84.5275
"Azerbaijan"	31	65.9726	65.4894	65.2912	65.2054	65.076	65.0275	65.0599	65.1519	65.0967	65.2618	65.4563	65.6732	65.7409	65.9134	66.1701	66.2315	66.4746
"Bahamas"	44	70.9867	70.8907	71.1398	71.338	71.6462	72.0546	72.5537	72.8653	73.4113	74.1182	74.724	75.1394	75.8752	76.6166	77.2254	77.7866	78.3837
"Bahrain"	48	74.3615	74.0878	74.0979	74.1927	74.3335	74.4782	74.7096	75.0116	75.2757	75.6605	76.0791	76.5652	77.0393	77.3726	77.9508	78.3719	78.7877
"Bangladesh"	50	69.0074	69.0151	69.0879	69.2076	69.2965	69.3435	69.3528	69.5613	69.7258	69.7292	69.8645	70.0523	70.2486	70.5442	70.6504	70.8272	71.1716
"Barbados"	52	71.7765	71.7227	71.8685	72.0861	72.3331	72.6401	72.9939	73.4341	73.9914	74.5964	75.1292	75.6748	76.1753	76.7124	77.244	77.8351	78.4938
"Belarus"	112	63.9545	63.7122	63.6406	63.6453	63.8467	64.0517	64.0916	64.3035	64.4416	64.6953	64.9484	65.3263	65.5451	65.7661	65.9682	66.0602	66.3087
"Belgium"	56	77.48	77.8277	78.351	78.9244	79.5245	80.1429	80.4549	80.9485	81.4037	81.8768	82.2266	82.5883	82.836	83.2106	83.4247	83.6245	83.9037
"Belize"	84	65.7455	65.5292	65.4174	65.4139	65.3846	65.4378	65.4791	65.5024	65.8165	65.9898	66.1618	66.3285	66.5739	66.8728	67.1789	67.5198	67.8998
"Benin"	204	56.4411	56.3898	56.48	56.7036	57.0089	57.2614	57.8363	58.0723	58.4581	58.8019	59.1377	59.5405	59.7455	60.1908	60.5269	60.822	61.1129
"Bhutan"	64	67.8859	68.0587	68.2528	68.3733	68.6809	68.9059	69.026	69.1882	69.3523	69.4575	69.4141	69.4873	69.816	70.055	70.2342	70.4146	70.614
"Bolivia (Plurinational State of)"	68	64.653	64.8659	65.1714	65.4129	65.7941	65.836	66.2273	66.3484	66.4682	66.6798	66.6876	67.0551	67.1185	67.4341	67.61	67.8308	68.1109
"Bosnia and Herzegovina"	70	72.7177	72.7272	72.9214	73.2303	73.5051	74.0424	74.451	74.8186	75.4069	75.9589	76.4327	77.003	77.5004	78.0888	78.5986	79.0339	79.5972
"Brazil"	76	69.6415	70.0337	70.5261	71.1646	71.7244	72.3668	72.9291	73.6642	74.3278	75.1444	75.8677	76.4944	77.3537	78.0307	78.5078	79.1876	79.7479
"Brunei Darussalam"	96	75.9679	76.1569	76.6612	77.0532	77.5691	78.1135	78.7534	79.3376	79.9647	80.6571	81.4049	82.032	82.6564	83.2118	83.7062	83.9305	84.3363
"Bulgaria"	100	69.3106	68.8751	68.7062	68.5476	68.5336	68.5943	68.7539	68.9101	68.9533	69.2054	69.3492	69.8281	69.9573	70.1923	70.3181	70.4789	70.7941
"Burkina Faso"	854	55.6587	55.7911	55.91	56.2077	56.2868	56.6894	56.7634	57.2156	57.5906	57.7765	58.0468	58.3028	58.5186	58.6891	58.9878	59.2701	59.4188
"Cabo Verde"	132	70.0685	69.943	70.0443	70.2645	70.5302	70.7268	70.9901	71.3047	71.7118	72.0637	72.4707	73.0379	73.4254	73.698	74.1587	74.6807	75.1835
"Cambodia"	116	65.1339	65.434	65.5367	65.8281	65.9591	66.0363	66.3552	66.3771	66.5425	66.6651	66.9018	67.02	67.193	67.3067	67.534	67.6223	67.7389
"Canada"	124	79.1448	79.4956	79.9682	80.4235	80.8868	81.3783	81.7257	82.1377	82.5187	82.7456	83.0486	83.3017	83.4844	83.8299	84.1706	84.3286	84.6146
"Chad"	148	48.8019	48.7971	48.9411	49.3856	49.4801	49.8897	50.308	50.4781	50.7838	51.2858	51.6992	52.0221	52.2714	52.7475	53.1366	53.46	54.0434
"Channel Islands"	830	77.6106	77.7902	78.0276	78.5124	79.0337	79.4921	80.0216	80.5724	81.1225	81.7273	82.2645	82.5318	82.9155	83.3147	83.6645	83.8772	84.2606
"Chile"	152	78.2056	78.9958	79.6748	80.2789	80.6854	81.0815	81.4317	81.8648	82.2187	82.5855	82.8653	83.231	83.364	83.6243	83.9159	84.2345	84.6727
"China"	156	73.1061	73.2454	73.5001	74.0092	74.5496	75.2261	75.7593	76.289	76.9579	77.745	78.5493	79.1464	79.9438	80.6037	81.4211	82.3827	83.0735
"China, Hong Kong SAR"	344	80.302	80.4133	80.6962	80.9574	81.2188	81.475	81.6625	82.0132	82.3538	82.5919	82.9494	83.3491	83.5808	83.8534	84.1573	84.4538	84.8019
"China, Macao SAR"	446	77.698	78.1328	78.7313	79.405	80.1006	80.7229	81.3775	81.811	82.2958	82.6917	82.9748	83.3739	83.6741	83.9565	84.2955	84.5105	84.8086
"Colombia"	170	69.3108	69.41	69.7262	70.1632	70.6616	71.1901	71.7637	72.2633	72.7865	73.4908	74.051	74.6674	75.224	75.993	76.3926	77.1348	77.7699
"Comoros"	174	60.1601	60.2654	60.4699	60.8709	61.3326	61.6245	61.9363	62.2678	62.5515	62.9476	63.1794	63.5103	63.9515	64.3681	64.7648	65.1084	65.4788
"Costa Rica"	188	76.0608	76.4182	76.7136	77.2083	77.6192	78.1933	78.652	79.169	79.7662	80.3153	80.6708	81.1798	81.5937	82.0737	82.511	82.8043	83.1177
"Croatia"	191	72.8777	73.0122	73.3479	73.947	74.3056	74.8314	75.4462	75.9545	76.5571	77.1958	77.764	78.4177	79.1345	79.5939	80.0986	80.601	81.0503
"Cuba"	192	76.3998	76.597	76.9064	77.3804	77.845	78.3496	78.8925	79.3923	80.0255	80.4759	81.2427	81.7181	82.0533	82.447	82.7302	83.1042	83.4298
"Curacao"	531	73.7359	73.852	74.1479	74.6044	75.0644	75.7536	76.2641	76.7765	77.4442	78.1458	78.6987	79.3492	79.5997	80.2301	80.5877	81.1781	81.7286
"Cyprus"	196	76.9803	77.1774	77.4863	77.9128	78.558	79.1041	79.7545	80.3343	80.8179	81.3936	81.8073	82.1435	82.4352	82.877	83.2662	83.5723	83.9042
"Czech Republic"	203	74.5547	74.5497	74.8824	75.2478	75.653	76.2241	76.6558	77.1389	77.7261	78.3275	78.9376	79.353	80.029	80.4638	80.9556	81.3423	81.8181
"Dem. People's Republic of Korea"	408	65.3763	65.5226	65.9586	66.4165	66.737	67.3494	67.7232	68.1938	68.7754	69.1792	69.7592	70.2756	71.0373	71.5783	72.2548	73.1239	73.7631
"Democratic Republic of the Congo"	180	55.8412	56.1058	56.4712	56.733	57.043	57.2601	57.633	57.8464	58.1835	58.4543	58.7278	58.801	59.0201	59.4053	59.5446	59.7485	60.0442
"Denmark"	208	77.1644	77.2306	77.5673	77.8431	78.2735	78.8669	79.2737	79.9388	80.3851	80.762	81.2587	81.6395	82.1277	82.4829	82.9567	83.2678	83.5518
"Djibouti"	262	58.8082	58.7831	58.8654	58.9678	59.206	59.5983	59.746	59.9584	60.3836	60.7021	60.9687	61.3062	61.4926	61.7804	62.3038	62.561	62.8358
"Dominican Republic"	214	69.0666	69.0226	69.1682	69.3991	69.7346	69.9463	70.3248	70.9599	71.4984	71.8441	72.2451	72.7086	73.2265	73.7219	74.3981	74.9246	75.3034
"Ecuador"	218	72.1475	72.4469	72.87	73.37	73.9724	74.5081	75.0433	75.4722	76.1519	76.6564	77.3291	77.9328	78.5304	78.9191	79.4024	80.0494	80.449
"Egypt"	818	67.5624	67.4287	67.5264	67.6826	67.7975	67.9069	67.996	68.2236	68.3725	68.7087	69.0682	69.2715	69.6072	69.8219	70.4093	70.6921	71.1388
"El Salvador"	222	67.1496	67.5439	67.8483	68.3854	68.9451	69.4724	70.0333	70.6587	71.2684	71.925	72.4731	72.9881	73.5048	74.3643	75.0663	75.7217	76.42
"Eritrea"	232	60.2438	60.7385	61.0624	61.3925	61.6059	62.0239	62.1061	62.4927	62.5174	62.7366	62.895	63.0679	63.3808	63.5294	63.7779	64.0093	64.1619
"Estonia"	233	70.7982	70.8898	71.1698	71.5836	72.0967	72.7387	73.1716	73.8345	74.4712	75.0648	75.7613	76.3162	76.8146	77.4386	77.8383	78.395	78.8835
"Fiji"	242	65.5963	65.3756	65.3416	65.4455	65.4924	65.6952	65.8017	66.131	66.4075	66.6718	66.8617	67.179	67.5937	68.0025	68.3513	68.8969	69.0283
"Finland"	246	77.1595	77.6249	78.0818	78.764	79.3512	79.8138	80.3567	80.6548	80.9836	81.3811	81.785	82.134	82.5641	82.6679	82.9747	83.2648	83.5723
"France"	250	78.5037	79.1036	79.5003	79.7414	80.1509	80.4345	80.7481	81.0136	81.368	81.6208	81.9074	82.2137	82.5455	82.8122	83.063	83.2148	83.5655
"French Guiana"	254	75.6076	76.2322	77.0859	78.0232	78.8358	79.4545	80.0221	80.5748	81.028	81.4601	81.7986	82.1735	82.6159	82.8932	83.1249	83.5673	83.9381
"French Polynesia"	258	73.1855	73.4107	73.8346	74.3178	74.9298	75.5035	76.2341	76.7831	77.592	78.3291	78.9193	79.5064	80.2041	80.9805	81.6222	82.3373	82.9352
"Gambia"	270	57.2677	57.1792	57.2314	57.3579	57.6628	57.7621	58.003	58.1422	58.4071	58.5612	58.8567	58.862	58.9846	59.1863	59.5205	59.5137	59.81
"Georgia"	268	69.8093	69.676	69.7106	69.9433	70.1912	70.6392	71.0502	71.5351	72.0059	72.3709	72.6718	73.4388	74.143	74.7137	75.1742	75.7876	76.1857
"Germany"	276	77.6607	77.9607	78.4426	79.034	79.5899	80.1352	80.7006	81.1842	81.5524	81.9204	82.3858	82.7418	83.0485	83.3823	83.6397	84.0392	84.3575
"Ghana"	288	58.7214	58.5321	58.5439	58.5004	58.7154	58.7782	58.9396	59.2304	59.5832	59.8172	60.1748	60.2542	60.6389	60.8463	61.0428	61.4154	61.7059
"Greece"	300	77.1679	77.7234	78.3116	78.9209	79.4765	80.1114	80.4823	80.7799	81.1535	81.436	81.7268	81.997	82.3157	82.744	83.0786	83.4123	83.7057
"Grenada"	308	69.4298	69.1357	69.0795	69.0429	69.0429	69.1775	69.4755	69.7167	69.9636	70.3298	70.6467	71.1564	71.4336	71.8922	72.2037	72.8069	73.4331
"Guadeloupe"	312	76.8759	77.6376	78.4381	79.0282	79.5529	79.9338	80.2859	80.6267	80.9407	81.4638	81.7962	82.2482	82.6479	82.9663	83.2858	83.5337	84.0009
"Guam"	316	75.7388	76.2279	76.9018	77.7558	78.4589	79.1239	79.941	80.6563	81.2743	81.7714	82.2867	82.6775	83.1352	83.4621	83.7794	84.2175	84.6521
"Guatemala"	320	67.0021	67.0742	67.2795	67.4974	67.8039	68.1895	68.6403	69.1514	69.5132	69.965	70.4061	70.9428	71.1784	71.9786	72.4583	72.9881	73.3406
"Guinea"	324	56.7616	56.7707	57.0629	57.3023	57.5394	57.7331	58.1722	58.2228	58.5288	58.5896	58.7493	58.8216	59.2471	59.3465	59.558	59.6985	59.7751
"Guinea-Bissau"	624	51.7427	51.8313	51.9966	51.9816	52.238	52.4186	52.5066	52.7316	52.8243	53.0799	53.3468	53.6742	53.8564	54.0073	54.2604	54.6129	55.053
"Guyana"	328	62.3859	61.8409	61.5899	61.6224	61.4846	61.4092	61.4113	61.4306	61.4622	61.6582	61.756	61.9722	62.2078	62.3435	62.8487	63.097	63.242
"Haiti"	332	59.1964	59.2698	59.4087	59.6417	59.9963	60.4232	60.6488	60.9218	61.2091	61.3901	61.8002	62.0889	62.2073	62.6265	62.8857	62.9774	63.4348
"Honduras"	340	69.3407	69.2743	69.3166	69.5903	69.956	70.2436	70.521	70.8346	71.3018	71.5223	72.0061	72.2106	72.7667	73.2966	73.823	74.3902	74.7987
"Hungary"	348	70.1881	69.9955	69.9608	70.1216	70.2435	70.4686	70.8176	71.194	71.6169	71.9699	72.2914	72.6686	73.1925	73.5755	73.8888	74.6803	75.1822
"Iceland"	352	80.0716	80.3172	80.7167	81.1667	81.6674	82.1726	82.5452	82.9362	83.2662	83.4792	83.863	84.1772	84.4293	84.6668	84.8515	85.2994	85.5259
"India"	356	65.2666	65.4222	65.7942	65.9581	66.0592	66.3687	66.6778	66.8925	67.2032	67.4163	67.8417	68.0667	68.5049	68.8236	69.0377	69.3477	69.6815
"Indonesia"	360	65.3058	65.094	65.0833	65.2202	65.231	65.3947	65.5871	65.7257	65.968	66.1621	66.4011	66.6689	66.9141	67.2154	67.4202	67.6599	68.0485
"Iran (Islamic Republic of)"	364	72.7332	72.4972	72.4828	72.6141	72.8242	73.0106	73.0826	73.3958	73.5137	73.8933	74.3299	74.6378	75.0266	75.4477	75.8827	76.2101	76.5791
"Iraq"	368	65.7469	65.5667	65.5086	65.3983	65.4146	65.6858	65.7823	65.9538	66.0398	66.3031	66.4446	66.9198	67.1981	67.4384	67.5934	67.8475	68.1264
"Ireland"	372	77.8315	78.1502	78.6994	79.2816	79.921	80.5836	81.1717	81.6314	81.9135	82.3604	82.6776	82.9726	83.2685	83.7568	84.0917	84.281	84.5101
"Israel"	376	79.6671	80.0977	80.6442	81.2841	81.7466	82.2446	82.6317	82.9626	83.2781	83.6108	84.0165	84.3625	84.6306	84.8975	85.2503	85.5732	85.9909
"Italy"	380	80.0589	80.4144	80.7132	81.0847	81.3466	81.7365	82.0073	82.2946	82.7258	82.9997	83.3485	83.7166	84.1678	84.4899	84.8219	85.1688	85.5446
"Jamaica"	388	71.8257	71.586	71.5401	71.7816	71.9191	72.1133	72.5832	72.8211	73.2878	73.7997	74.2286	74.6649	75.1341	75.3776	76.0228	76.3613	76.7156
"Japan"	392	79.3641	79.5326	79.705	79.9151	80.274	80.6002	80.8839	81.2268	81.6451	81.8787	82.2256	82.5121	82.8165	83.1086	83.3954	83.7182	83.9712
"Jordan"	400	70.9296	70.6763	70.702	70.6844	70.6732	70.934	71.1304	71.5307	71.8391	72.1233	72.4432	72.8582	73.2524	73.5489	73.9254	74.523	74.9974
"Kazakhstan"	398	62.943	62.5147	62.4109	62.3811	62.5386	62.6691	62.9101	63.0188	63.1259	63.3052	63.65	63.9039	64.2184	64.4508	64.6255	64.8548	65.3093
"Kiribati"	296	61.3644	61.2572	61.2789	61.3762	61.5217	61.6231	61.8535	62.1996	62.3708	62.6647	62.9073	63.1129	63.5142	63.7258	63.925	64.0233	64.1741
"Kuwait"	414	71.8283	71.3164	70.9634	70.9574	70.7321	70.7376	70.7651	70.9533	71.0901	71.2376	71.4891	71.6816	71.9345	72.2171	72.675	73.0616	73.4585
"Kyrgyzstan"	417	64.9749	64.6054	64.4914	64.4195	64.5565	64.6452	64.6331	64.9033	65.0862	65.4894	65.7655	65.9603	66.2254	66.4571	66.707	67.1103	67.4801
"Lao People's Democratic Republic"	418	63.612	63.9118	64.2865	64.5872	64.8498	65.1538	65.2254	65.3472	65.5931	65.6822	65.7864	66.1313	66.1288	65.9928	66.2963	66.3721	66.5769
"Latvia"	428	67.6379	67.398	67.4674	67.5154	67.7373	68.0213	68.1738	68.3258	68.5653	68.9128	69.2306	69.4729	69.8725	70.1004	70.3162	70.6007	70.9287
"Lebanon"	422	76.7913	77.2358	77.6201	78.0827	78.7455	79.266	79.7612	80.2978	80.8795	81.4633	81.8519	82.3603	82.7619	83.1785	83.3974	83.729	83.914
"Liberia"	430	58.454	58.6418	58.799	59.0045	59.2751	59.3696	59.5038	59.7102	59.9202	60.113	60.4803	60.4793	60.5801	60.7234	61.0269	61.14	61.3024
"Libya"	434	67.4848	67.3434	67.3308	67.4584	67.6311	67.8926	67.9772	68.2655	68.6352	68.9559	69.4423	69.8205	70.3889	70.5954	70.9757	71.5642	71.9768
"Lithuania"	440	66.292	66.2761	66.3449	66.4363	66.7214	66.9942	67.398	67.7695	68.0447	68.3841	68.838	69.0692	69.5019	69.9296	70.4089	70.8395	71.1978
"Luxembourg"	442	78.5322	78.9885	79.5108	80.1576	80.7745	81.2448	81.6332	82.0026	82.4204	82.7681	83.1743	83.5464	83.8578	84.1088	84.4969	84.7067	85.0486
"Madagascar"	450	62.4163	62.6304	62.9355	63.2607	63.5539	63.8088	64.0008	64.3549	64.5807	64.8295	64.935	65.1657	65.3922	65.5738	65.6964	65.909	66.2033
"Malaysia"	458	71.0054	70.8159	70.9429	71.0668	71.402	71.7303	72.2479	72.4141	73.0404	73.5083	73.8309	74.4391	74.8764	75.4935	75.9585	76.5377	77.0477
"Maldives"	462	74.3994	74.5515	74.6652	74.9704	75.1506	75.4858	75.7275	75.9658	76.2637	76.5718	76.956	77.2923	77.4381	77.829	78.2103	78.5104	78.8072
"Mali"	466	56.8839	57.2984	57.6868	58.2044	58.5831	58.8378	59.1458	59.4886	59.7362	59.9859	60.1811	60.4662	60.9021	61.1264	61.4258	61.3614	61.6
"Malta"	470	77.8176	78.073	78.4144	78.9003	79.3629	79.9723	80.5725	81.0931	81.6506	82.2009	82.7073	83.2271	83.615	83.9206	84.2992	84.5779	84.8581
"Martinique"	474	77.8626	78.6844	79.2625	79.7597	80.1345	80.6202	80.9982	81.3907	81.8001	82.0926	82.3641	82.766	83.0438	83.3668	83.7285	84.0325	84.2103
"Mauritania"	478	59.8033	59.5159	59.3998	59.3891	59.3428	59.4529	59.5396	59.4164	59.5968	59.6791	59.9086	60.0052	59.9821	60.1589	60.4216	60.6286	60.7972
"Mauritius"	480	69.6647	69.7051	70.0088	70.1506	70.6776	71.041	71.5326	72.0669	72.5868	73.1804	73.6764	74.2516	74.9222	75.5295	76.0146	76.6142	77.0707
"Mayotte"	175	75.9111	76.6476	77.4962	78.3906	79.2167	79.8113	80.3803	80.7826	81.1216	81.5725	81.9457	82.3797	82.6925	83.0081	83.3227	83.6285	84.0268
"Mexico"	484	73.3343	73.4645	73.9178	74.2878	74.8619	75.4938	76.052	76.6837	77.3201	78.0848	78.839	79.5249	80.0338	80.6037	81.3002	81.8391	82.4894
"Micronesia (Fed. States of)"	583	66.4334	66.0363	65.9251	65.7996	65.8696	66.0112	66.0411	66.2122	66.2791	66.5283	66.6814	66.8397	66.9829	67.3246	67.5278	68.046	68.3706
"Mongolia"	496	63.9884	64.1162	64.3606	64.6704	65.0946	65.258	65.752	66.0438	66.6474	67.0034	67.4277	67.9569	68.467	68.8587	69.6718	70.2111	70.9512
"Montenegro"	499	72.5407	72.2422	72.2073	72.2868	72.4637	72.607	72.7549	72.9679	73.2297	73.5784	73.8169	74.1754	74.4245	74.8861	75.0712	75.4771	75.9331
"Morocco"	504	71.5815	71.4547	71.5398	71.6423	71.6993	71.9523	72.0481	72.4067	72.601	72.8821	73.2627	73.4777	73.9002	74.362	74.7026	75.0889	75.5904
"Myanmar"	104	62.2142	62.0147	61.9472	62.0639	62.0371	62.3202	62.3416	62.4354	62.6825	62.9897	63.1384	63.4352	63.6118	63.7739	64.2095	64.3462	64.5724
"Nepal"	524	67.0136	67.2838	67.527	67.8249	68.0179	68.3519	68.6784	68.7657	69.1428	69.214	69.7119	70.0484	70.0404	70.4822	70.8996	71.1179	71.4163
"Netherlands"	528	78.648	78.9012	79.2189	79.6341	80.1843	80.6723	81.2696	81.7631	82.1735	82.4915	82.8005	83.1677	83.4569	83.7129	84.019	84.2566	84.5286
"New Caledonia"	540	72.8116	73.1174	73.5761	74.163	74.7583	75.4292	76.0062	76.7061	77.3113	77.9927	78.6011	79.3578	80.101	80.5578	81.2593	81.8771	82.3558
"New Zealand"	554	79.0502	79.3961	79.7809	80.324	80.9655	81.4688	81.9651	82.3749	82.7473	83.1309	83.5403	83.8688	84.1331	84.5068	84.7969	85.214	85.413
"Nicaragua"	558	70.8842	71.2034	71.7125	72.3179	72.7352	73.4234	74.2464	74.858	75.7099	76.1676	76.9916	77.6969	78.3693	79.0754	79.6654	80.1585	80.7369
"Niger"	562	59.248	59.5651	59.6929	59.8749	59.9772	59.9233	59.9878	60.132	60.5595	60.6639	60.726	60.8116	60.9676	60.9181	60.9624	61.1055	61.4613
"Nigeria"	566	50.5847	50.4654	50.6344	50.8958	51.1011	51.4062	51.467	51.9657	52.1273	52.56	52.7412	53.144	53.5244	53.703	54.306	54.5605	54.9532
"Norway"	578	78.5572	78.7688	79.2022	79.7552	80.1168	80.5933	81.0298	81.4924	81.8478	82.2775	82.5998	82.8419	83.0752	83.427	83.7902	83.9128	84.1361
"Oman"	512	74.1569	74.4146	74.9983	75.5982	76.1584	76.8967	77.6283	78.325	79.0064	79.7753	80.5102	81.2103	81.852	82.3805	83.027	83.5065	83.99
"Other non-specified areas"	158	75.9529	76.3102	76.9002	77.4434	78.1892	78.848	79.5738	80.2465	80.7311	81.1024	81.5898	81.9013	82.3784	82.6472	82.8827	83.3172	83.6482
"Pakistan"	586	63.6607	63.5825	63.5462	63.6008	63.7301	63.9426	64.2775	64.5887	64.7558	65.0657	65.428	65.6784	65.8329	66.1376	66.4671	66.9142	67.1934
"Panama"	591	73.617	73.693	74.0892	74.545	75.0564	75.5355	76.0442	76.4635	77.0588	77.6765	78.3242	78.9509	79.6413	80.2015	80.6187	81.1029	81.4963
"Papua New Guinea"	598	58.8669	58.7713	58.7443	58.959	59.2215	59.4517	59.7546	60.0019	60.3781	60.7078	60.953	61.103	61.4458	61.6688	62.155	62.5911	62.813
"Paraguay"	600	69.1083	68.6442	68.3098	67.9829	67.978	67.926	67.9368	68.0272	68.0633	68.0911	68.5268	68.7128	69.0255	69.2503	69.7477	70.0068	70.5084
"Peru"	604	70.7747	71.0396	71.3934	71.8529	72.3985	73.0294	73.5047	74.11	74.758	75.3366	75.9299	76.4496	77.2651	77.9121	78.6042	79.2332	79.9381
"Philippines"	608	63.2377	62.9279	62.9033	62.8336	62.8492	62.9679	63.2085	63.3468	63.5483	63.5996	63.7821	64.0885	64.3628	64.5254	64.7581	65.2722	65.479
"Poland"	616	72.338	72.5792	72.944	73.4136	73.9857	74.5821	75.1486	75.7626	76.3146	76.8929	77.4161	77.9027	78.557	78.966	79.4034	79.863	80.1293
"Portugal"	620	77.2168	77.809	78.6586	79.4798	80.0185	80.5129	80.9722	81.3522	81.722	82.1577	82.4315	82.8332	83.2135	83.5678	84.0291	84.3696	84.7156
"Puerto Rico"	630	74.7373	75.2402	75.8185	76.5318	77.2701	77.8595	78.3245	78.7718	79.1505	79.4504	79.8196	80.0445	80.3161	80.6886	81.0348	81.335	81.6691
"Qatar"	634	76.0685	76.0818	76.1944	76.4645	76.7214	77.2047	77.4486	77.8188	78.4586	78.737	79.338	79.7988	80.2538	80.7657	81.3402	81.7174	82.0538
"Republic of Korea"	410	78.1518	78.8148	79.3342	79.7849	80.281	80.6924	81.0536	81.467	81.9306	82.2167	82.5326	82.878	83.2194	83.4848	83.9126	84.3354	84.5589
"Republic of Moldova"	498	65.577	65.1132	64.8302	64.7808	64.5566	64.6597	64.6344	64.7671	64.8978	64.86	64.9631	65.228	65.3236	65.4778	65.6074	65.8545	66.0714
"Reunion"	638	75.9373	76.6547	77.5219	78.4175	79.1615	79.7304	80.2439	80.7032	81.1078	81.4196	81.714	82.0784	82.4821	82.7931	83.1858	83.366	83.6954
"Romania"	642	69.8125	69.5678	69.5736	69.6062	69.9048	70.2152	70.5402	70.9397	71.306	71.6776	72.0003	72.4522	72.7644	73.2138	73.449	74.1725	74.6126
"Russian Federation"	643	62.8404	62.5232	62.5047	62.4932	62.7001	62.8273	62.9309	63.2242	63.542	63.6858	63.8325	64.2167	64.596	64.8472	65.1713	65.414	65.8284
"Saint Lucia"	662	70.9936	70.8879	70.8726	70.9805	71.2191	71.3805	71.7769	72.234	72.5509	72.9572	73.2654	73.6605	73.9965	74.4639	74.9665	75.4688	76.0951
"Saint Vincent and the Grenadines"	670	69.2307	68.8031	68.5314	68.4021	68.4256	68.3197	68.4774	68.6239	68.7445	69.0665	69.2971	69.3068	69.5727	69.9326	70.2119	70.4395	70.801
"Samoa"	882	69.2065	69.3166	69.6735	69.9637	70.4545	70.9933	71.3865	72.0119	72.5125	73.0713	73.772	74.4124	75.0341	75.7034	76.238	77.0007	77.5516
"Sao Tome and Principe"	678	62.7335	62.3955	62.1913	62.1161	62.1156	62.0313	62.1114	62.1176	62.2763	62.2902	62.3261	62.5056	62.7071	62.9251	63.1379	63.4081	63.5473
"Saudi Arabia"	682	71.5162	71.2305	71.2143	71.2599	71.3839	71.4314	71.5687	71.7788	72.1385	72.3851	72.5962	72.9974	73.1928	73.4831	73.8531	74.1488	74.5454
"Senegal"	686	63.1599	63.4202	63.621	64.0095	64.2886	64.6423	64.8515	65.118	65.3995	65.6307	65.8662	66.3308	66.606	66.8036	67.0896	67.3573	67.6995
"Serbia"	688	70.6019	70.3884	70.5356	70.5981	70.905	71.2195	71.5332	71.8686	72.1254	72.4595	72.9173	73.2168	73.7151	74.154	74.5749	75.1148	75.5883
"Seychelles"	690	67.7829	67.7124	67.9308	68.3126	68.525	68.962	69.3423	69.734	70.0364	70.4131	70.9382	71.174	71.8623	72.4521	73.0375	73.6212	74.2156
"Sierra Leone"	694	48.6556	48.7685	49.3262	49.6459	49.866	50.297	50.6103	50.859	51.0904	51.1802	51.5175	51.7972	52.0516	52.1139	52.3848	52.7225	52.9821
"Singapore"	702	79.3699	79.6189	79.9592	80.2671	80.5948	80.8711	81.2485	81.6368	81.9467	82.3137	82.6313	82.9647	83.2739	83.6273	83.9502	84.191	84.5
"Slovakia"	703	71.1592	71.0826	71.1714	71.3342	71.5122	71.8472	72.258	72.7915	73.2386	73.6067	74.0557	74.4733	74.9152	75.4593	75.9405	76.4365	77.0839
"Slovenia"	705	76.4673	76.8348	77.3841	78.1087	78.722	79.2674	79.7926	80.1816	80.6554	80.9656	81.2707	81.7352	82.2077	82.4788	82.6316	83.1105	83.3999
"Solomon Islands"	90	64.8692	64.7257	64.7318	64.6195	64.668	64.7318	64.7975	64.9961	65.1864	65.1526	65.4557	65.3639	65.6197	65.9392	66.1694	66.2009	66.4841
"Somalia"	706	52.2493	52.279	52.4462	52.7559	52.9592	53.2983	53.553	53.8764	54.0527	54.3909	54.6174	55.0333	55.2211	55.4244	55.5412	55.9218	56.1661
"South Sudan"	728	53.2821	53.5001	53.7956	54.1582	54.5543	54.9176	55.0532	55.5473	55.7893	56.1219	56.3621	56.6955	56.842	57.003	57.4409	57.764	57.7367
"Spain"	724	79.139	79.6226	79.9755	80.2148	80.5227	80.8095	81.0906	81.3667	81.5868	82.0325	82.3826	82.684	83.0114	83.3251	83.6164	83.9287	84.1467
"Sri Lanka"	144	70.2902	70.253	70.5789	70.8421	71.1109	71.6345	72.2235	72.8317	73.1857	73.7576	74.4298	74.9171	75.5625	76.0114	76.6509	77.3217	77.8622
"State of Palestine"	275	69.5004	69.2659	69.1973	69.333	69.2782	69.4	69.714	69.9014	70.1328	70.3327	70.4094	70.6424	71.1438	71.2983	71.8168	72.0729	72.5323
"Sudan"	729	60.3267	60.0977	60.075	60.0724	60.1687	60.2554	60.4351	60.4832	60.5422	60.806	60.9152	61.1485	61.3434	61.4	61.4629	61.8356	62.0399
"Suriname"	740	66.485	66.2014	65.9483	65.8684	65.9257	66.0096	66.027	66.2154	66.4909	66.5814	66.7615	67.1807	67.5179	67.7538	68.1934	68.5404	68.9142
"Sweden"	752	79.4832	79.7471	80.1489	80.692	81.1909	81.6914	81.8965	82.3173	82.733	82.9699	83.2556	83.6344	83.8346	84.073	84.4463	84.7375	85.057
"Switzerland"	756	80.0801	80.4721	80.9755	81.2294	81.6434	81.9531	82.2668	82.5666	82.9005	83.1721	83.5705	83.8576	84.0915	84.4073	84.7203	84.9601	85.1603
"Syrian Arab Republic"	760	63.149	63.448	63.8372	64.2649	64.9061	65.4708	66.0721	66.7756	67.3821	67.9059	68.5936	69.1823	69.9356	70.5953	71.0652	71.8973	72.4591
"Tajikistan"	762	64.5707	64.222	64.066	63.986	63.9829	64.212	64.1298	64.2977	64.4002	64.6401	64.8427	65.0408	65.2714	65.6649	65.8349	66.0098	66.2724
"TFYR Macedonia"	807	71.6954	71.6661	71.7597	71.9165	72.2493	72.5029	72.8263	73.1713	73.5378	74.0028	74.3432	75.0257	75.4478	75.8972	76.2891	76.8535	77.4407
"Thailand"	764	69.8913	69.8514	70.1236	70.2428	70.5537	70.9144	71.3912	71.9274	72.4363	72.6584	73.1339	73.6362	74.012	74.5733	75.1076	75.7628	76.2797
"Timor-Leste"	626	65.255	65.5303	65.8683	66.1863	66.4323	66.8846	67.1612	67.403	67.3933	67.9377	68.1791	68.4356	68.6706	69.1181	69.4958	69.7033	70.046
"Tonga"	776	68.4642	68.2028	68.1755	68.2105	68.5385	68.7291	68.8574	69.1729	69.6592	70.0517	70.3677	71.067	71.3546	71.7838	72.2403	72.7128	73.3662
"Trinidad and Tobago"	780	65.3986	64.9353	64.7689	64.7033	64.5065	64.6921	64.6328	64.6485	64.8358	64.588	64.8356	64.9962	65.1723	65.3421	65.3101	65.5036	65.7132
"Tunisia"	788	71.2382	71.2083	71.3209	71.6979	71.8815	72.1801	72.6216	72.8555	73.394	73.7109	74.1452	74.4671	74.9017	75.3413	75.8024	76.1782	76.565
"Turkey"	792	71.0237	71.3467	71.8229	72.4174	73.0982	73.8749	74.4648	75.1683	75.9352	76.5006	77.106	77.8723	78.4958	79.2236	79.8721	80.4369	80.8844
"Turkmenistan"	795	59.831	59.5276	59.5672	59.5959	59.5085	59.6024	59.7762	59.9479	60.2988	60.493	60.6707	60.8875	61.035	61.1735	61.4749	61.7481	62.0794
"Ukraine"	804	64.2174	63.7655	63.5339	63.3307	63.2855	63.1337	63.1756	63.174	63.2496	63.3358	63.5312	63.5001	63.4615	63.5292	63.6728	63.686	63.7424
"United Arab Emirates"	784	74.9766	74.9698	75.2393	75.3628	75.6896	75.9318	76.5684	76.9337	77.6735	78.1327	78.7244	79.1815	79.7225	80.4113	80.9601	81.5803	82.0318
"United Kingdom"	826	77.653	77.8486	78.1546	78.6361	79.1445	79.6483	80.2245	80.7429	81.3014	81.7532	82.1552	82.4299	82.85	83.2279	83.5211	83.7824	84.0181
"United States of America"	840	75.5506	75.6148	75.8661	76.2143	76.576	76.9589	77.5306	78.0064	78.6461	79.0605	79.4017	79.9555	80.5316	80.9265	81.3409	81.5723	82.021
"United States Virgin Islands"	850	76.9342	77.3417	77.9879	78.7243	79.4018	80.0941	80.6341	81.0372	81.4842	81.7953	82.0815	82.4679	82.7377	83.1294	83.3672	83.7156	84.0613
"Uruguay"	858	72.382	72.4758	72.6571	72.9628	73.4816	74.0086	74.6752	75.2695	75.9242	76.5154	77.0987	77.6276	78.1818	78.6006	79.2874	79.8607	80.33
"Uzbekistan"	860	63.3198	62.9316	62.6705	62.4638	62.5715	62.3831	62.4841	62.6117	62.6229	62.7602	62.8266	62.9284	63.179	63.3766	63.5767	63.7646	63.8935
"Vanuatu"	548	68.5675	68.6461	68.7414	68.9367	69.1641	69.4598	69.628	69.9951	70.3772	70.7404	71.407	71.7113	71.9272	72.4642	72.9119	73.3982	73.8189
"Venezuela (Bolivarian Republic of)"	862	69.1142	69.1998	69.5114	69.905	70.335	70.7703	71.2348	71.819	72.4999	73.2346	73.7348	74.3241	74.9704	75.7051	76.1844	76.9334	77.3253
"Viet Nam"	704	69.9506	70.0223	70.336	70.6829	71.255	71.7957	72.3333	72.9278	73.523	74.0268	74.6154	75.3915	75.9763	76.81	77.3051	77.8456	78.5365
"Western Sahara"	732	65.1662	65.3698	65.561	65.8229	66.1887	66.4178	66.7685	66.9725	67.2228	67.5851	67.8956	68.1363	68.5761	68.7535	69.1116	69.5861	69.9857
"Yemen"	887	60.8618	60.7558	60.9145	61.1044	61.248	61.3989	61.5411	61.7178	61.9473	62.2508	62.4985	62.4909	62.955	63.0869	63.2413	63.6159	63.7838
"Angola"	24	49.269	49.459	49.654	50.0952	50.2397	50.5848	50.5598	50.7988	50.9932	51.1417	51.2482	51.4146	51.1842	51.5308	51.3434	51.5948	51.5955
"Botswana"	72	59.9344	60.4925	60.7833	61.0026	61.4147	61.8119	62.1384	62.4074	62.6253	62.8803	62.9324	63.2726	63.4582	63.285	63.3429	63.3346	62.9808
"Burundi"	108	53.3902	53.4753	53.919	54.5051	55.0423	55.4124	55.807	55.8799	56.1089	56.4147	56.4439	56.3379	56.3182	56.3857	56.4343	56.4797	56.473
"Cameroon"	120	53.3766	54.3161	55.6215	57.0039	58.151	59.2669	60.1445	60.9425	61.6469	62.2246	62.5813	63.0112	63.3996	63.6935	64.0155	64.3675	64.5469
"Central African Republic"	140	48.6017	49.9125	51.5997	53.8905	55.6684	57.5394	59.2458	60.4838	61.5107	62.3647	63.078	63.7497	64.5113	65.0624	65.4451	65.9404	66.5457
"Congo"	178	60.1635	61.2291	62.1785	62.8643	63.4777	63.9597	64.5114	64.8455	65.2349	65.4478	65.8918	66.0364	66.2987	66.4274	66.5118	66.9146	66.904
"Cote d'Ivoire"	384	49.3234	50.1275	51.3811	52.8205	54.3298	55.6686	57.254	58.5932	60.0146	60.922	61.9303	62.8427	63.6892	64.324	64.9932	65.5198	65.9936
"Equatorial Guinea"	226	54.6215	54.6175	54.725	55.2766	55.6236	56.1538	56.3457	56.7152	56.8858	56.9478	57.0418	57.106	57.362	57.3291	57.289	56.9705	56.9549
"Ethiopia"	231	60.9597	60.7866	60.3024	59.3356	58.0475	56.822	55.717	55.0453	55.0859	55.0203	55.0684	55.0769	55.1076	55.2361	55.4571	55.6806	55.9386
"Gabon"	266	62.8379	63.4275	64.2423	64.9189	65.4225	65.9209	66.3085	66.8159	67.1075	67.4897	67.9159	68.2765	68.2976	68.6239	68.6322	68.8325	69.0286
"Kenya"	404	58.7911	58.9588	59.7942	60.8254	61.758	62.6551	63.3881	64.2361	64.7886	65.4096	65.9317	66.4483	66.9424	67.3202	67.5798	67.8667	68.0243
"Lesotho"	426	47.632	48.1325	49.3816	50.7873	52.3569	53.8285	55.502	56.1307	56.3169	56.3426	56.5031	56.9982	57.2573	57.5974	57.667	57.4997	57.3184
"Malawi"	454	61.6263	60.5845	59.6829	58.4868	57.3586	55.931	54.6079	54.0359	53.2901	52.7399	52.6786	52.3077	52.1911	52.2812	52.2925	52.4041	51.985
"Mozambique"	508	52.1446	52.2842	53.0348	53.5995	54.0792	54.4999	54.887	55.0838	54.9298	54.8679	54.6177	54.6247	54.4841	54.7246	54.4581	54.0508	53.9518
"Namibia"	516	60.6612	60.629	61.1168	61.5408	62.0744	62.7334	63.4392	64.199	64.9092	65.2684	65.6154	66.0649	66.3072	66.5539	66.7096	67.1646	67.3155
"Rwanda"	646	60.5562	60.1997	59.6063	58.7858	57.9405	57.0576	56.3284	55.6843	55.5227	55.7566	55.6938	55.8042	55.7123	56.1747	56.1348	56.362	56.7353
"South Africa"	710	52.9023	53.4438	54.6858	56.3235	58.0906	59.5663	60.9294	61.7285	62.4492	63.2235	63.9972	64.621	65.2295	65.9158	66.2474	66.8307	67.2824
"Swaziland"	748	46.7718	46.9403	47.8125	49.381	50.8074	52.1839	53.5778	54.7032	55.6981	56.5129	57.1644	57.7161	58.1673	58.7191	59.2463	59.9476	60.4815
"Togo"	768	57.971	58.6044	59.386	60.2244	61.0727	61.5938	62.3975	62.9755	63.5052	63.7503	64.1849	64.4994	65.1359	65.2622	65.5451	65.9021	66.1125
"Uganda"	800	56.2843	56.5164	56.5315	57.1685	57.6401	57.9997	58.6333	59.1408	59.6632	59.9588	60.2453	60.7029	61.1504	61.2475	61.7903	62.0252	62.1561
"United Republic of Tanzania"	834	62.525	62.4919	61.9296	61.1969	60.1463	58.9078	57.609	56.9277	56.2216	55.787	55.708	55.3668	55.0938	54.96	55.1762	55.123	55.0537
"Zambia"	894	57.6429	58.1595	58.8647	59.3996	60.1878	60.8959	61.563	61.9828	62.4009	62.5734	63.1702	63.3658	63.6676	63.8491	64.1771	64.5348	64.7351
"Zimbabwe"	716	58.268	58.6153	58.9203	59.1749	59.3308	59.2265	59.2374	59.1292	58.8461	58.8932	58.5932	58.6142	58.3717	57.7975	57.2631	57.2817	56.8013
