"country_code"	"name"	"1950-1955"	"1955-1960"	"1960-1965"	"1965-1970"	"1970-1975"	"1975-1980"	"1980-1985"	"1985-1990"	"1990-1995"	"1995-2000"	"2000-2005"	"2005-2010"	"2010-2015"	"2015-2020"	"2020-2025"	"2025-2030"	"2030-2035"	"2035-2040"	"2040-2045"	"2045-2050"	"2050-2055"	"2055-2060"	"2060-2065"	"2065-2070"	"2070-2075"	"2075-2080"	"2080-2085"	"2085-2090"	"2090-2095"	"2095-2100"
900	"WORLD"	-0.00199999999972533	4.2632564145606e-13	-4.54747350886464e-13	0.00100000000156797	0.00100000000384171	-0.00100000000020373	9.09494701772928e-13	-0.00199999999949796	-3.63797880709171e-12	1.81898940354586e-12	-0.00299999999879219	-0.00100000000020373	-3.63797880709171e-12	0	7.27595761418343e-12	0.00299999999515421	0	0.0029999999969732	-0.00200000000222644	-5.45696821063757e-12	0.00100000000747968	3.63797880709171e-12	0	-0.000999999994746759	0.00100000000747968	0.00100000000020373	0.00199999999676947	-0.00100000000020373	-0.00199999999949796	0
901	"More developed regions"	738.227	-142.154	2170.433	3562.616	6490.385	6598.829	5953.324	7163.312	11877.645	13246.908	15774.254	16431.047	11682.981	11755.901	11236.731	11365.477	11539.228	11551.381	11551.369	11551.165	10973.638	10396.073	9818.506	9240.946	8663.394	8085.846	7508.293	6930.738	6353.167	5775.615
902	"Less developed regions"	-738.229	142.154	-2170.433	-3562.615	-6490.384	-6598.83	-5953.324	-7163.314	-11877.645	-13246.908	-15774.257	-16431.048	-11682.981	-11755.901	-11236.731	-11365.474	-11539.228	-11551.378	-11551.371	-11551.165	-10973.637	-10396.073	-9818.506	-9240.947	-8663.39299999999	-8085.845	-7508.291	-6930.739	-6353.169	-5775.615
941	"Least developed countries"	-522.004	-578.054	-886.867	-862.527	-4824.809	-4350.241	-6377.448	-3756.561	1731.762	-3863.568	-4297.046	-8375.596	-4741.814	-4127.601	-4175.473	-4160.681	-4086.113	-4096.513	-4101.906	-4107.27	-3901.919	-3696.574	-3491.203	-3285.825	-3080.469	-2875.089	-2669.729	-2464.363	-2259.02	-2053.667
934	"Less developed regions, excluding least developed countries"	-216.225	720.208	-1283.566	-2700.088	-1665.575	-2248.589	424.124	-3406.753	-13609.407	-9383.34	-11477.211	-8055.452	-6941.167	-7628.3	-7061.258	-7204.793	-7453.115	-7454.865	-7449.465	-7443.895	-7071.718	-6699.499	-6327.303	-5955.122	-5582.924	-5210.756	-4838.562	-4466.376	-4094.149	-3721.948
948	"Less developed regions, excluding China"	-720.926	5.69300000000015	-1622.81	-3878.141	-5411.441	-6733.6	-5749.111	-7006.9	-11052.061	-13132.208	-13729.216	-14377.635	-10067.981	-10430.901	-9911.731	-10040.474	-10214.228	-10226.378	-10226.371	-10226.165	-9714.88899999999	-9203.577	-8692.252	-8180.945	-7669.639	-7158.345	-6647.041	-6135.741	-5624.415	-5113.115
1503	"High-income countries"	1794.493	1252.189	2586.308	3695.437	7063.494	8487.95	8440.905	9555.779	14025.989	16551.755	20293.353	24796.636	16451.736	13891.806	12840.69	12776.789	12926.324	12938.281	12948.117	12997.76	12347.828	11697.907	11047.933	10398.031	9748.114	9098.241	8448.341	7798.423	7148.496	6498.605
1517	"Middle-income countries"	-785.754	-793.83	-2014.686	-3305.768	-5507.642	-5367.78	-2750.143	-6483.384	-15276.709	-15037.052	-19526.862	-22139.312	-15295.74	-11896.99	-10770.853	-10633.87	-10793.172	-10794.877	-10799.351	-10843.633	-10301.497	-9759.34	-9217.088	-8674.939	-8132.75	-7590.576	-7048.36	-6506.156	-5963.909	-5421.591
1502	"Upper-middle-income countries"	-594.726	-542.872	-2360.505	-1839.887	-3199.18	-3418.981	-961.646	-2923.167	-8500.31	-5480.262	-5025.842	-4896.996	706.653	-3842.391	-5016.777	-3582.342	-2770.468	-2765.059	-2760.133	-2755.212	-2617.413	-2479.616	-2341.8	-2203.998	-2066.175	-1928.358	-1790.518	-1652.684	-1514.815	-1377.579
1501	"Lower-middle-income countries"	-191.028	-250.958	345.819	-1465.881	-2308.462	-1948.799	-1788.497	-3560.217	-6776.399	-9556.79	-14501.02	-17242.316	-16002.393	-8054.599	-5754.076	-7051.528	-8022.704	-8029.818	-8039.218	-8088.421	-7684.084	-7279.724	-6875.288	-6470.941	-6066.575	-5662.218	-5257.842	-4853.472	-4449.094	-4044.012
1500	"Low-income countries"	-1002.985	-460.548	-560.962	-374.559	-1462.043	-3113.555	-5718.175	-3106.085	1229.334	-1554.45	-867.064	-2673.046	-1165.621	-2011.391	-2090.749	-2164.568	-2154.996	-2165.397	-2170.786	-2176.156	-2067.342	-1958.542	-1849.745	-1740.915	-1632.108	-1523.31	-1414.504	-1305.693	-1196.885	-1088.084
947	"Sub-Saharan Africa"	-207.828	-178.648	-272.413	-108.405	-947.938	-1170.912	-1736.332	-1344.766	-119.392999999999	-1115.057	-122.199	-31.4049999999999	-919.351	-1625.623	-1715.991	-1750.766	-1780.031	-1789.558	-1794.29	-1799.169	-1709.216	-1619.267	-1529.327	-1439.338	-1349.379	-1259.398	-1169.463	-1079.491	-989.559	-899.595
903	"AFRICA"	-581.412	-571.699	-931.805	-978.564	-2269.813	-2026.376	-2098.63	-1846.882	337.499	-2534.411	-1580.68	-1813.334	-2899.795	-2308.165	-2302.912	-2337.687	-2366.952	-2376.479	-2381.211	-2386.09	-2266.803	-2147.499	-2028.214	-1908.878	-1789.584	-1670.247	-1550.965	-1431.636	-1312.361	-1193.063
910	"Eastern Africa"	-141.854	-172.323	-222.103	-127.338	-557.226	-727.913	-854.714	-227.387	-2063.112	376.098	-515.642	-857.139	-546.022	-907.109	-890.324	-863.684	-863.684	-863.684	-863.684	-863.684	-820.508	-777.321	-734.147	-690.952	-647.766	-604.583	-561.404	-518.21	-475.034	-431.857
108	"Burundi"	-69.947	-70.048	-84.989	-57.9	-260.594	-150.288	-86.002	-44.32	-250	-404.999	112.532	163.733	40	20	10.003	10.003	10.003	10.003	10.003	10.003	9.502	8.999	8.497	8.003	7.501	7.002	6.502	6.003	5.5	5.005
174	"Comoros"	0	-6.116	-8.491	-5.5	-5.5	10	-4.5	-4.5	-3	-6	-10	-10	-10	-10	-10	-10	-10	-10	-10	-10	-9.5	-9	-8.5	-8	-7.5	-7	-6.5	-6	-5.5	-5
262	"Djibouti"	0.999	5	18	25	34.997	91.193	9.999	89.998	-15	-16.501	-18.151	-19.965	-15.996	-10.999	-8.997	-8.997	-8.997	-8.997	-8.997	-8.997	-8.551	-8.101	-7.651	-7.202	-6.75	-6.299	-5.848	-5.399	-4.952	-4.501
232	"Eritrea"	0.997	3	6.997	4.999	10	10	10	-40	-400.002	-70	110.001	-160.001	-160.001	-49.999	-34.998	-34.998	-34.998	-34.998	-34.998	-34.998	-33.249	-31.498	-29.75	-28	-26.25	-24.5	-22.751	-21	-19.249	-17.5
231	"Ethiopia"	-19.999	-20	-19.999	-42.182	-59.597	-2024.797	250.001	780.074	1445.274	-155.577	-83.182	-50.132	-60.001	-60.001	-60.001	-60.001	-60.001	-60.001	-60.001	-60.001	-56.998	-54.001	-50.997	-47.998	-44.999	-42.002	-39	-35.998	-33.003	-30
404	"Kenya"	0	0	-20	-19.535	-17.915	-2.93	3.805	5.023	221.569	-21.386	25.144	-189.33	-50	-50	-50	-50	-50	-50	-50	-50	-47.5	-45	-42.5	-40	-37.5	-35	-32.5	-30	-27.5	-25
450	"Madagascar"	0	0	0	-8	-19	-30	-8	-8	-7	-6	-5	-5	-5	-5	-5	-5	-5	-5	-5	-5	-4.75	-4.5	-4.25	-4	-3.75	-3.5	-3.25	-3	-2.75	-2.5
454	"Malawi"	-33.348	-42.873	-61.928	-61.928	-52.404	-33.348	-28.605	913.937	-899.584	-36.82	-36.82	-36.82	-30	-60	-60	-30	-30	-30	-30	-30	-28.504	-27	-25.504	-23.999	-22.499	-21.003	-19.501	-18	-16.502	-15.008
480	"Mauritius"	2.662	-8.097	-30.869	-29.156	-20.463	-20.617	-21.632	-35.977	-5.611	-8.858	-19.372	-12.079	0	0	0	0	0	0	0	0	0	0	0	0	0	0	0	0	0	0
175	"Mayotte"	2.619	2.459	2.314	0.454	0.496	-0.987	3.794	6.055	10.734	4.664	0.2	-2	-1.5	0	0	0	0	0	0	0	0	0	0	0	0	0	0	0	0	0
508	"Mozambique"	-23.5	-23.5	-23.5	-23.5	-23.5	87.373	-373.366	-1300	650	-50	37.504	-50	-25	-25	-25	-25	-25	-25	-25	-25	-23.749	-22.502	-21.253	-19.999	-18.749	-17.502	-16.252	-15.002	-13.75	-12.504
638	"R~A(c)union"	2.545	-3.943	-2.436	12.306	-23.731	-18.024	3.09	-1.996	9.589	9.746	-0.89	-12.422	-12.561	-6.28	-3.141	-3.141	-3.141	-3.141	-3.141	-3.141	-2.985	-2.825	-2.669	-2.513	-2.356	-2.196	-2.042	-1.886	-1.729	-1.568
646	"Rwanda"	0	0	-140.001	20	-20	-20	-50.002	29.999	-1347.866	1210.134	-72.601	-75.001	-75.001	-44.999	-44.999	-44.999	-44.999	-44.999	-44.999	-44.999	-42.749	-40.5	-38.251	-35.998	-33.748	-31.498	-29.252	-27	-24.745	-22.499
690	"Seychelles"	-1.882	-2.168	-0.851	-0.998	0.23	-0.2	-3.099	-5.295	0.625	-0.135	2.513	-1.111	-1.551	-1.551	-1.551	-1.551	-1.551	-1.551	-1.551	-1.551	-1.475	-1.395	-1.319	-1.244	-1.165	-1.086	-1.009	-0.931	-0.853	-0.783
706	"Somalia"	0	-1.04	-1.046	1.489	-0.006	1587.565	-832.045	-632.286	-893.365	-100.004	-200	-350	-400	-200	-150	-150	-150	-150	-150	-150	-142.5	-135	-127.5	-120	-112.5	-105	-97.5	-90	-82.5	-75
728	"South Sudan"	0	0	0	0	25	60	150	-405	-1076	400	432	785	865	150	50	-25	-25	-25	-25	-25	-23.75	-22.5	-21.25	-20	-18.75	-17.5	-16.25	-15	-13.75	-12.5
800	"Uganda"	0	0	125.2	53.33	-240.53	-166.66	-115.34	233.366	119.995	-45.737	-5	-135	-150	-150	-150	-150	-150	-150	-150	-150	-142.5	-135	-127.5	-120	-112.5	-105	-97.5	-90	-82.5	-75
834	"United Republic of Tanzania"	0	0	26.997	36.024	118.989	-22.25	37.181	68.208	591.285	-205.874	-295.952	-265.317	-199.999	-199.999	-199.999	-199.999	-199.999	-199.999	-199.999	-199.999	-190	-180	-170.001	-160	-150	-139.999	-130.003	-120	-110	-99.998
894	"Zambia"	0	0	2.5	-4.245	26.662	17.573	58.483	2.822	-22.952	79.445	-93.014	-124.044	-34.49	-40	-40	-25	-25	-25	-25	-25	-23.75	-22.5	-21.25	-20	-18.75	-17.5	-16.25	-15	-13.75	-12.5
716	"Zimbabwe"	-3	-4.997	-10.001	-27.996	-30.36	-101.516	141.524	120.505	-191.803	-200	-395.554	-307.65	-219.922	-163.281	-106.641	-50.001	-50.001	-50.001	-50.001	-50.001	-47.5	-44.998	-42.499	-40.002	-37.501	-35	-32.498	-29.997	-27.501	-25.001
911	"Middle Africa"	-6.14	-2.979	-5.16199999999999	27.894	-187.695	-105.99	-292.694	-164.416	1322.164	-1075.775	30.706	100.699	15.803	49.501	49.272	-35.927	-46.356	-56.763	-62.15	-67.518	-64.137	-60.767	-57.388	-54.008	-50.637	-47.258	-43.882	-40.507	-37.134	-33.75
24	"Angola"	0	-75	-135	-201.155	-80.955	11.455	234.149	-150.282	142.811	-126.701	172.594	85.286	102.322	0	0	-5	-5	-5	-5	-5	-4.75	-4.5	-4.25	-4	-3.75	-3.5	-3.25	-3	-2.75	-2.5
120	"Cameroon"	0	0	0	-1	-2.5	-8	-55	-65	-80	-80	-90	-90	-60	-40	-40	-40	-40	-40	-40	-40	-38	-36	-34	-32	-30	-28	-26	-24	-22	-20
140	"Central African Republic"	0	0	11.93	13.145	-20.075	-1	40.165	-40.982	37.392	11.293	-45	5	10	9.5	9.025	8.574	8.145	7.738	7.351	6.983	6.634	6.285	5.936	5.587	5.238	4.888	4.539	4.19	3.841	3.492
148	"Chad"	0	-2.5	-5	-40.95	-49.05	-175.5	-131.245	1.418	-10.374	69.444	218.966	70	100	80	70	60	50	40	35	30	28.5	27	25.5	24	22.5	21	19.5	18	16.5	15
178	"Congo"	0	0	0	0.5	6.945	-7.408	2.097	1.915	15.531	35.3	-13.257	49.872	-60	-20	-10	-5	-5	-5	-5	-5	-4.75	-4.5	-4.25	-4	-3.75	-3.5	-3.25	-3	-2.75	-2.5
180	"Democratic Republic of the Congo"	0	75	122.65	241.91	27.45	100.685	-446.86	74.515	1202.404	-1006.384	-241.564	-43.426	-95.92	0	0	-75	-75	-75	-75	-75	-71.25	-67.5	-63.75	-60	-56.25	-52.5	-48.75	-45	-41.25	-37.5
226	"Equatorial Guinea"	0	0	0	0	-70	-30	65	15	15	20	25	20	20	20	20	20	20	20	20	20	19	18	17	16	15	14	13	12	11	10
266	"Gabon"	2.999	2.999	9.41	16.188	2.999	4.999	4.999	4.999	4.999	9.566	9.566	9.566	5	5	5	5	5	5	5	5	4.753	4.499	4.249	4.003	3.752	3.503	3.254	3.001	2.749	2.509
678	"Sao Tome and Principe"	-9.139	-3.478	-9.152	-0.744	-2.509	-1.221	-5.999	-5.999	-5.599	-8.293	-5.599	-5.599	-5.599	-4.999	-4.753	-4.501	-4.501	-4.501	-4.501	-4.501	-4.274	-4.051	-3.823	-3.598	-3.377	-3.149	-2.925	-2.698	-2.474	-2.251
912	"Northern Africa"	-373.584	-393.051	-659.392	-870.159	-1321.875	-855.464	-362.298	-502.116	456.892	-1419.354	-1458.481	-1781.929	-1980.444	-682.542	-586.921	-586.921	-586.921	-586.921	-586.921	-586.921	-557.587	-528.232	-498.887	-469.54	-440.205	-410.849	-381.502	-352.145	-322.802	-293.468
12	"Algeria"	-310.417	-191.853	-284.266	-121.335	-247.822	-224.833	-81.02	-93.302	-128.679	-164.413	-205.228	-357.34	-143.268	-50.002	-50.002	-50.002	-50.002	-50.002	-50.002	-50.002	-47.499	-44.999	-42.496	-40.001	-37.501	-34.999	-32.499	-29.999	-27.498	-25.001
818	"Egypt"	-50.1	-50.1	-50.1	-239.7	-546.796	-563.569	-389.781	-205.428	-452.508	-204.143	-67.708	-279.228	-215.681	-215.681	-215.681	-215.681	-215.681	-215.681	-215.681	-215.681	-204.898	-194.115	-183.327	-172.543	-161.762	-150.979	-140.192	-129.408	-118.622	-107.846
434	"Libya"	0	46.022	45.891	48.002	58.665	57.534	113.38	5.49	3.965	8.736	-11.679	-82.008	-501.692	-9.997	20.001	20.001	20.001	20.001	20.001	20.001	18.997	18.003	16.999	16.003	14.999	14	12.998	12	11.002	9.997
504	"Morocco"	0	-13.001	-240.922	-477.753	-497.677	-293.328	-320.659	-418.575	-466.627	-559.38	-694.821	-577.912	-310.624	-310.624	-300.001	-300.001	-300.001	-300.001	-300.001	-300.001	-285.003	-270.002	-255.001	-240.001	-225.003	-210	-194.997	-179.999	-164.999	-149.999
729	"Sudan"	0	0	0	0	20	180	220	150	1350	-490	-430	-500	-800	-100	-45	-45	-45	-45	-45	-45	-42.75	-40.5	-38.25	-36	-33.75	-31.5	-29.25	-27	-24.75	-22.5
788	"Tunisia"	-18.667	-192.419	-142.495	-96.523	-97.065	-72.068	85.582	48.999	140.341	-36.804	-139.045	-32.941	-32.941	-20	-20	-20	-20	-20	-20	-20	-18.998	-17.999	-17.001	-15.998	-15.001	-13.999	-13	-12.001	-10.999	-9.999
732	"Western Sahara"	5.6	8.3	12.5	17.15	-11.18	60.8	10.2	10.7	10.4	26.65	90	47.5	23.762	23.762	23.762	23.762	23.762	23.762	23.762	23.762	22.564	21.38	20.189	19	17.813	16.628	15.438	14.262	13.064	11.88
913	"Southern Africa"	-34.573	-34.499	65.302	162.177	199.15	27.566	106.318	-98.302	761.363	132.527	962.784	1340.952	592.631	182.768	82.768	85.004	85.004	85.004	85.004	85.004	80.753	76.501	72.244	67.999	63.748	59.506	55.25	51.002	46.749	42.51
72	"Botswana"	-5	-20	-15	-6.02	2.326	14.845	0.601	5.803	17.864	24.546	21.278	18.73	20	15	15	15	15	15	15	15	14.25	13.5	12.75	12	11.25	10.5	9.75	9	8.25	7.5
426	"Lesotho"	-20	-26	-25	-22.4	-24.048	-6.538	-25.76	-62.682	-46.345	-74.427	-34.493	-24.418	-19.998	-19.997	-19.997	-19.997	-19.997	-19.997	-19.997	-19.997	-18.998	-18.001	-17.003	-16.001	-15.003	-13.997	-13.001	-11.998	-11.001	-9.996
516	"Namibia"	0	0	0	-0.87	-2.825	-44.585	-29.139	74.791	23.492	35.497	-50	-50	-1.371	-2.236	-2.236	0	0	0	0	0	0	0	0	0	0	0	0	0	0	0
710	"South Africa"	-6.818	13.48	115.21	200.939	231.569	73.316	175.112	-133.363	804.595	158.911	1072.076	1402.64	600	200	100	100	100	100	100	100	95.001	90.003	84.998	80.001	75.006	70.002	65.001	60	55.001	50.007
748	"Swaziland"	-2.755	-1.979	-9.908	-9.472	-7.872	-9.472	-14.496	17.149	-38.243	-12	-46.077	-6	-6	-9.999	-9.999	-9.999	-9.999	-9.999	-9.999	-9.999	-9.5	-9.001	-8.501	-8.001	-7.505	-6.999	-6.5	-6	-5.501	-5.001
914	"Western Africa"	-25.261	31.153	-110.45	-171.138	-402.167	-364.575	-695.242	-854.661	-139.808	-547.907	-600.047	-615.917	-981.763	-950.783	-957.707	-936.159	-954.995	-954.115	-953.46	-952.971	-905.324	-857.68	-810.036	-762.377	-714.724	-667.063	-619.427	-571.776	-524.14	-476.498
204	"Benin"	-23.001	-23.001	-24.295	-23.742	-24.845	-19.393	-10.848	-8.723	105	-29.287	98.831	50	-10	-10	-10	-10	-10	-10	-10	-10	-9.501	-8.998	-8.498	-7.998	-7.498	-7	-6.5	-6	-5.498	-4.997
854	"Burkina Faso"	-102.159	-102.159	-144.723	-144.723	-170.263	-217.4	-217.4	-183.699	-150.001	-137.499	-125	-125	-125	-125	-125	-125	-125	-125	-125	-125	-118.748	-112.5	-106.253	-100.002	-93.748	-87.499	-81.249	-74.997	-68.753	-62.501
132	"Cabo Verde"	-5.926	-22.773	-1.167	4.267	-34.907	-27.982	-20.313	-27.757	-6.376	-2.438	-9.859	-25.866	-11.052	-8.291	-6.218	-4.662	-3.498	-2.624	-1.967	-1.476	-1.403	-1.329	-1.258	-1.18	-1.103	-1.032	-0.962	-0.885	-0.813	-0.742
384	"C~A'te d'Ivoire"	69.38	99.919	200	300	400	420	430	325	375	180	-370	-220	50	30	30	30	30	30	30	30	28.5	27	25.5	24	22.5	21	19.5	18	16.5	15
270	"Gambia"	16.913	36.375	-3.232	0.118	9.392	-3.38	19.475	48.392	-14.801	-26.418	-13.742	-13.742	-13.476	-13	-13	-13	-13	-13	-13	-13	-12.349	-11.701	-11.049	-10.4	-9.749	-9.101	-8.449	-7.8	-7.149	-6.501
288	"Ghana"	72.001	142.002	0	-361.999	-164.002	-563.999	206.001	-30.003	-16.285	-112.636	165.518	189.259	-49.999	-100	-100	-100	-100	-100	-100	-100	-95.001	-90.004	-85.002	-80	-74.999	-69.999	-64.999	-59.999	-55.002	-50.007
324	"Guinea"	-0.007	-9.929	-13.857	-18	-275	-353	-38	162.45	800	-246.148	-368.004	-55.577	-10	-10	-10	-10	-10	-10	-10	-10	-9.5	-9	-8.5	-8	-7.5	-7	-6.5	-6	-5.5	-5
624	"Guinea-Bissau"	-10.001	-9.983	-20	-7.23	-15	-28	-30	-28	-30	-30	-30	-25	-10	-10	-10	-10	-10	-10	-10	-10	-9.5	-9	-8.5	-8	-7.5	-7	-6.5	-6	-5.5	-5
430	"Liberia"	-0.013	7.983	7.996	11.013	10.996	11.949	0	-400	-300	450	-50	175.585	-20	-25	-25	-25	-25	-25	-25	-25	-23.75	-22.5	-21.25	-20	-18.75	-17.5	-16.25	-15	-13.75	-12.5
466	"Mali"	-35.031	-49.07	-70.243	-98.235	-95.585	-174.998	-218.064	-480.652	-173.489	-141.95	-67.11	-100.823	-302.449	-200	-200	-200	-200	-200	-200	-200	-190	-180	-169.998	-159.997	-150	-139.997	-130.001	-119.998	-110.002	-100
478	"Mauritania"	-1.3	-1.6	-1.82	-2.76	-5.95	-9.7	-16.1	-30.3	-14.7	9.9	30	-20	-20	-20	-20	-20	-20	-20	-20	-20	-19.003	-18.004	-17.002	-16.002	-15.001	-13.996	-12.996	-11.998	-11	-10
562	"Niger"	5.001	-25.124	-11.545	-11.545	-13.763	-18.138	-92.946	-91.917	-2.679	24.056	-28.497	-28.497	-28.497	-28.497	-28.497	-28.497	-28.497	-28.497	-28.497	-28.497	-27.072	-25.646	-24.224	-22.796	-21.372	-19.944	-18.522	-17.098	-15.674	-14.245
566	"Nigeria"	3.368	2.706	1.021	-43.347	-38.526	854.649	-671.64	-91.407	-95.769	-95.027	-170	-300	-300	-300	-300	-280	-300	-300	-300	-300	-285.001	-270	-255.001	-240	-225.001	-210	-195.001	-180	-165.001	-150
686	"Senegal"	33.033	44.046	50.002	86.522	65.586	-134.783	-85.108	-60.291	-70.008	-209.864	-151.131	-166.051	-99.996	-99.996	-99.996	-99.996	-99.996	-99.996	-99.996	-99.996	-94.998	-89.998	-84.999	-80.003	-75.003	-69.995	-64.998	-59.998	-54.999	-50.001
694	"Sierra Leone"	0	0	0	0	0	0	0	62.745	-450	-150	500	60	-21	-21	-30	-30	-30	-30	-30	-30	-28.5	-27	-25.5	-24	-22.5	-21	-19.5	-18	-16.5	-15
768	"Togo"	-46.919	-57.336	-77.885	138.923	-49.999	-100	50.001	-20	-95.003	-30	-9.994	-9.994	-9.994	-9.999	-9.996	-10.004	-10.004	-9.998	-10	-10.002	-9.498	-9	-8.502	-7.999	-7.5	-7	-6.5	-6.003	-5.499	-5.004
935	"ASIA"	75.042	1297.938	403.098	363.097	-1439.12	-1272.631	-173.928000000001	-2364.892	-8454.466	-6281.717	-7911.539	-11368.746	-6280.663	-7245.684	-6916.05	-7090.556	-7309.961	-7318.036	-7318.075	-7317.782	-6951.851	-6585.89	-6219.919	-5854.021	-5488.041	-5122.164	-4756.192	-4390.272	-4024.293	-3658.658
906	"Eastern Asia"	-529.578	107.69	-619.848	804.698	-1071.573	14.605	324.893	-349.601	-1095.672	-443.268	-1208.967	-1218.432	-980.001	-890.001	-890.001	-890.001	-890.001	-890.001	-890.001	-890.001	-845.498	-800.992	-756.494	-712.006	-667.501	-623.001	-578.494	-533.994	-489.507	-445.006
156	"China"	-165.685	-8.163	-1058.832	-12.737	-1113.125	-428.313	-258.072	-154.256	-823.657	-507	-2144.051	-2202.103	-1800	-1500	-1500	-1500	-1500	-1500	-1500	-1500	-1425	-1350	-1275	-1200	-1125	-1050	-975	-900	-825	-750
344	"China, Hong Kong SAR"	166.179	177.334	224.481	-177.802	66.508	401.993	82.471	160.164	155.84	550.81	-41.256	44.716	150	150	150	150	150	150	150	150	142.5	135	127.498	119.998	112.496	105	97.5	90.002	82.498	75
446	"China, Macao SAR"	-37.334	-31.955	19.802	36.083	-7.003	-6.011	32.747	37.411	18.844	20.203	29.866	56.322	35	25	25	25	25	25	25	25	23.752	22.504	21.248	20	18.75	17.5	16.25	15	13.748	12.5
408	"Dem. People's Republic of Korea"	-568.413	0	0	0	0	0	0	0	0	0	0	0	0	0	0	0	0	0	0	0	0	0	0	0	0	0	0	0	0	0
392	"Japan"	54.786	-468.485	209.163	878.29	457.099	45.014	212.063	-628.168	451.392	16.977	622.058	445.267	350	250	250	250	250	250	250	250	237.502	225.004	212.502	200	187.498	175	162.504	150.002	137.498	124.996
496	"Mongolia"	0	0	0	0	0	0	0	0	-88.432	-52.463	-15.001	-15.001	-15.001	-15.001	-15.001	-15.001	-15.001	-15.001	-15.001	-15.001	-14.25	-13.5	-12.746	-12	-11.247	-10.499	-9.748	-8.996	-8.249	-7.5
410	"Republic of Korea"	1.352	439.714	-281.388	-389.118	-449.729	-165.179	317.043	434.981	-633.048	-293.082	229.017	404.715	300	200	200	200	200	200	200	200	189.998	180	170.004	159.996	150.002	139.998	130	119.998	109.998	99.998
158	"Other non-specified areas"	19.537	-0.755	266.926	469.982	-25.323	167.101	-61.359	-199.733	-176.611	-178.713	110.4	47.652	0	0	0	0	0	0	0	0	0	0	0	0	0	0	0	0	0	0
921	"South-Central Asia"	252.055	873.807	768.879	160.857	-635.333	-436.685	-1553.338	-1766.099	-5406.551	-4925.984	-6195.913	-10974.935	-6872.345	-5757.578	-5738.597	-5692.621	-5470.343	-5470.41	-5471.462	-5521.161	-5245.163	-4969.143	-4693.075	-4417.11	-4141.07	-3865.124	-3589.095	-3313.097	-3037.046	-2760.322
5500	"Central Asia"	489.285	1065.346	1230.826	798.563	483.455	-206.409	-599.62	-1237.008	-2428.967	-2032.806	-789.374	-524.283	-291.54	-475.002	-475.002	-475.002	-475.002	-475.002	-475.002	-475.002	-451.256	-427.503	-403.754	-379.995	-356.252	-332.503	-308.757	-285.005	-261.252	-237.504
398	"Kazakhstan"	565.765	979.937	691.681	173.343	-55.461	-313.63	-398.259	-656.091	-1511.745	-1324.984	44.53	-35.196	159.807	0	0	0	0	0	0	0	0	0	0	0	0	0	0	0	0	0
417	"Kyrgyzstan"	7.016	56.871	116.848	110.071	34.14	17.954	-39.988	-120.2	-271.59	-32.705	-172.911	-76.604	-113.963	-100.001	-100.001	-100.001	-100.001	-100.001	-100.001	-100.001	-95.002	-89.998	-84.999	-79.999	-75	-70.001	-65.001	-60.002	-54.998	-49.999
762	"Tajikistan"	-16.696	-24.371	77.739	34.64	28.954	-5.749	-21.87	-37.962	-289.263	-324.793	-96.542	-65.435	-117.382	-99.999	-99.999	-99.999	-99.999	-99.999	-99.999	-99.999	-94.999	-90.004	-85.001	-79.995	-75.006	-70.002	-65.002	-59.998	-55.002	-50.009
795	"Turkmenistan"	-28.779	37.498	36.261	36.429	31.549	16.341	-25.116	-34.319	43.633	-60.324	-114.454	-57.048	-25.001	-25.001	-25.001	-25.001	-25.001	-25.001	-25.001	-25.001	-23.753	-22.498	-21.25	-20.001	-18.745	-17.501	-16.251	-15.002	-13.75	-12.495
860	"Uzbekistan"	-38.021	15.411	308.297	444.08	444.273	78.675	-114.387	-388.436	-400.002	-290	-449.997	-290	-195.001	-250.001	-250.001	-250.001	-250.001	-250.001	-250.001	-250.001	-237.502	-225.003	-212.504	-200	-187.501	-174.999	-162.503	-150.003	-137.502	-125.001
5501	"Southern Asia"	-237.23	-191.539	-461.947	-637.706	-1118.788	-230.276	-953.718000000001	-529.091	-2977.584	-2893.178	-5406.539	-10450.652	-6580.805	-5282.576	-5263.595	-5217.619	-4995.341	-4995.408	-4996.46	-5046.159	-4793.907	-4541.64	-4289.321	-4037.115	-3784.818	-3532.621	-3280.338	-3028.092	-2775.794	-2522.818
4	"Afghanistan"	-20	-20	-20	-20	-20	-1117.459	-3418.299	-1484.185	2227.474	-379.474	804.12	-677.497	473.007	-199.996	-271.105	-271.105	-271.105	-271.105	-271.105	-271.105	-257.548	-243.993	-230.438	-216.884	-203.329	-189.772	-176.217	-162.662	-149.108	-135.55
50	"Bangladesh"	-55.096	1.484	-142.378	-161.822	-3028.254	-1101.492	-837.319	-219.363	-853.717	-756.121	-1700.003	-3570.954	-2226.481	-1614.475	-1583.594	-1548.594	-1483.595	-1483.595	-1483.595	-1483.595	-1409.415	-1335.235	-1261.059	-1186.876	-1112.698	-1038.518	-964.335	-890.155	-815.978	-741.8
64	"Bhutan"	10	5	5	10	20	15	0.797	1.595	-85.887	0.143	34.976	16.829	10	0	0	0	0	0	0	0	0	0	0	0	0	0	0	0	0	0
356	"India"	-105.71	-4.027	-85.382	-245.182	2118.323	1132.181	483.097	45.147	-677.938	-716.9	-2206.411	-2829.378	-2598.218	-1886.002	-1858.483	-1847.513	-1760.234	-1760.302	-1761.356	-1811.052	-1720.562	-1630.058	-1539.491	-1449.04	-1358.502	-1268.06	-1177.542	-1087.052	-996.507	-905.288
364	"Iran (Islamic Republic of)"	-1.088	-1.947	-7.838	51.755	77.633	419.996	1969.42	1344.377	-2276.004	615.293	-70.307	-549.266	-300.001	-143.933	-117.233	-117.23	-117.229	-117.23	-117.228	-117.229	-111.369	-105.505	-99.644	-93.785	-87.924	-82.059	-76.202	-70.338	-64.479	-58.617
462	"Maldives"	-0.022	-0.116	-0.581	-2.904	2.415	0	0	-2.605	-3.072	-1.1	-0.105	-0.053	-0.053	-0.053	-0.053	-0.053	-0.053	-0.053	-0.053	-0.053	-0.045	-0.04	-0.036	-0.032	-0.025	-0.022	-0.015	-0.012	-0.005	0
524	"Nepal"	-40.559	-80.231	-70	-21.075	-5.799	-41.002	-101.147	-216.407	76.064	-464.703	-922.843	-1023.896	-372.369	-325.121	-325.542	-325.542	-305.541	-305.541	-305.541	-305.541	-290.267	-274.988	-259.71	-244.434	-229.159	-213.881	-198.602	-183.327	-168.046	-152.772
586	"Pakistan"	-8.255	-16.702	-93.268	-209.978	-138.106	700	1345.233	139.79	-1128.724	-728.632	-896.486	-1296.372	-1081.918	-737.826	-732.415	-732.412	-682.414	-682.412	-682.412	-682.414	-648.294	-614.173	-580.051	-545.93	-511.808	-477.69	-443.568	-409.447	-375.329	-341.206
144	"Sri Lanka"	-16.5	-75	-47.5	-38.5	-145	-237.5	-395.5	-137.44	-255.78	-461.684	-449.48	-520.065	-484.772	-375.17	-375.17	-375.17	-375.17	-375.17	-375.17	-375.17	-356.407	-337.648	-318.892	-300.134	-281.373	-262.619	-243.857	-225.099	-206.342	-187.585
920	"South-Eastern Asia"	-16.638	-26.44	-20.055	-544.551	-65.39	-1406.879	-79.93	-11.428	-1879.335	-452.996	-2272.368	-5563.758	-1441.945	-1177.573	-1127.775	-1130.632	-1130.632	-1130.632	-1130.632	-1130.632	-1074.093	-1017.568	-961.042	-904.51	-847.973	-791.444	-734.904	-678.382	-621.844	-565.332
96	"Brunei Darussalam"	5.059	6.312	5.209	10.747	8.005	5.624	1.827	0.243	1.346	1.852	2.294	2.441	2.102	1.76	1.76	1.76	1.76	1.76	1.76	1.76	1.674	1.588	1.494	1.408	1.318	1.228	1.148	1.056	0.972	0.876
116	"Cambodia"	0	0	0	-225.001	-125	-84.999	-88.854	-78.022	409.414	348.495	-35.156	-295.987	-149.999	-149.999	-149.999	-149.999	-149.999	-149.999	-149.999	-149.999	-142.497	-135	-127.5	-120.001	-112.501	-105	-97.501	-90	-82.501	-75
360	"Indonesia"	-66.553	-108.516	-107.486	-40.261	-90.36	-202.747	-49.566	-166.738	-381.823	-344.962	-851.31	-1116.994	-700	-700	-700	-700	-700	-700	-700	-700	-665	-630	-595	-560	-525	-490	-455	-420	-385	-350
418	"Lao People's Democratic Republic"	-0.01	0.046	0.076	0.03	0.046	-198.756	-35.11	0.138	-45.184	-131.254	-175.1	-117.7	-117.7	-74.998	-74.998	-74.998	-74.998	-74.998	-74.998	-74.998	-71.25	-67.5	-63.748	-60	-56.252	-52.5	-48.75	-45.002	-41.25	-37.502
458	"Malaysia"	-21.65	5.087	80.684	-18.722	-31.056	-6.95	158.02	435.408	298.812	397.501	490.83	652.234	450	250	250	250	250	250	250	250	237.5	225	212.5	200	187.506	175	162.5	150	137.5	125
104	"Myanmar"	0	0	0	0	0	0	-54.656	-200	-699.993	-537.998	-1372.688	-1466.799	-474.278	-49.998	-50	-50	-50	-50	-50	-50	-47.503	-45.002	-42.501	-40.004	-37.501	-35.002	-32.504	-30	-27.505	-25.009
608	"Philippines"	0.497	0.958	0.364	-271.845	-237.734	-313.636	-176.673	-298.756	-504.878	-765.62	-1097.371	-1829.034	-700	-600	-400	-400	-400	-400	-400	-400	-380	-360	-340	-320	-300	-280	-260	-240	-220	-200
702	"Singapore"	65.545	67.991	0.428	-0.363	5.889	14.266	137.811	119.801	248.927	255.243	435.595	449.245	397.936	298.448	149.222	149.222	149.222	149.222	149.222	149.222	141.764	134.298	126.836	119.382	111.918	104.46	96.998	89.538	82.076	74.612
764	"Thailand"	0	0	0	0	402.578	287.226	341.913	513.675	-807.534	695.804	1102.862	-858.537	100	97.218	96.244	93.387	93.387	93.387	93.387	93.387	88.715	84.048	79.375	74.709	70.042	65.37	60.699	56.03	51.366	46.693
626	"Timor-Leste"	0.474	1.682	0.67	0.864	2.242	-93.784	10.3	-4.85	-4.186	-156.056	0.012	-104.946	-50.004	-50.004	-50.004	-50.004	-50.004	-50.004	-50.004	-50.004	-47.5	-45	-42.496	-40.004	-37.5	-35.002	-32.496	-30	-27.502	-25.002
704	"Viet Nam"	0	0	0	0	0	-813.123	-324.942	-332.327	-394.236	-216.001	-772.336	-877.681	-200.002	-200	-200	-200	-200	-200	-200	-200	-189.996	-180	-170.002	-160	-150.003	-139.998	-129.998	-120.004	-110	-100
922	"Western Asia"	369.203	342.881	274.122	-57.9070000000001	333.176	556.328	1134.447	-237.764	-72.9079999999999	-459.469	1765.709	6388.379	3013.628	579.468	840.323	622.698	181.015	173.007	174.02	224.012	212.903	201.813	190.692	179.605	168.503	157.405	146.301	135.201	124.104	112.002
51	"Armenia"	49.863	79.249	70.335	103.399	86.404	35.724	-22.331	-58.313	-496.288	-223.873	-143.966	-136.009	-9.876	-24.989	-24.989	-24.989	-24.989	-24.989	-24.989	-24.989	-23.748	-22.497	-21.249	-19.999	-18.749	-17.497	-16.251	-14.998	-13.751	-12.497
31	"Azerbaijan"	9.934	58.339	66.429	50.466	14.62	-28.122	-40.822	-118.757	-105.573	-119.785	10.655	-96.798	-16.125	-34.001	-34.001	-34.001	-34.001	-34.001	-34.001	-34.001	-32.301	-30.599	-28.899	-27.202	-25.502	-23.801	-22.099	-20.399	-18.702	-16.997
48	"Bahrain"	3.163	7.905	-4.341	-7.199	19.123	48.962	3.195	12.899	5.48	43.086	133.5	316.544	29.915	33.001	17.998	12.998	12.998	12.998	7.998	7.998	7.601	7.201	6.798	6.401	6.001	5.601	5.202	4.798	4.399	3.999
196	"Cyprus"	-13.8	-6.648	-43.025	-7.843	3.053	-1.215	-27.634	17.167	43.195	53.26	61.83	44.166	35	30	25	25	25.007	24.998	25.008	25	23.755	22.511	21.253	20	18.755	17.511	16.253	15	13.755	12.511
268	"Georgia"	104.118	75.704	51.113	24.146	-32.156	-78.92	-18.616	-61.577	-544.069	-390.036	-309.021	-289.534	-296.323	-50	-50	-50	-50	-50	-50	-50	-47.499	-45.001	-42.503	-39.998	-37.499	-35	-32.501	-29.997	-27.498	-24.998
368	"Iraq"	-0.55	-1.1	-1.862	-6.877	-8.587	-47.791	-199.939	-630.184	-154.026	-17.859	-266.32	-457.332	548.666	20.257	-104.145	-84.935	-30	-30	-30	-30	-28.504	-26.998	-25.5	-24	-22.501	-21.004	-19.5	-18.001	-16.498	-15.007
376	"Israel"	262.167	167.565	208.759	72.44	165.879	62.546	2.604	65.418	456.923	245.334	102.935	273.635	19.497	50.002	50.002	50.002	50.002	50.002	50.002	50.002	47.499	44.999	42.496	40.001	37.501	34.999	32.499	29.999	27.498	25.001
400	"Jordan"	123.094	119.245	35.715	254.352	-29.706	-80.758	81.657	118.198	401.472	-188.262	-93.897	449.998	229.617	-258.306	-394.312	-171.705	-20	-20	-20	-20	-18.998	-17.999	-17.001	-15.998	-15.001	-13.999	-13	-12.001	-10.999	-9.999
414	"Kuwait"	16.395	32.787	153.599	137.534	109.162	112.656	95.952	110.759	-580.898	98.5	139	522	517.5	100	70	70	50	50	45	45	42.75	40.5	38.25	36	33.75	31.5	29.25	27	24.75	22.5
422	"Lebanon"	1.615	40	20	-70.002	-10	-270	-214.381	-228.04	90	-29.428	550.11	183.37	1250	-279.401	-770.137	-335.366	-20	-20	-20	-20	-18.902	-17.802	-16.7	-15.598	-14.5	-13.406	-12.3	-11.2	-10.096	-10.009
512	"Oman"	-10	-10	-10	-5	25.47	76.409	81.5	11.169	93.7	-207.887	40.452	185.5	1211	-20	-50	-50	-50	-50	-30	20	19	18	17	16	15	14	13	12	11	10
634	"Qatar"	5.648	4.492	16.337	20.912	34.368	28.315	102.097	57.517	-22.453	42.84	185.343	854.839	363.5	100	75	40	30	30	30	30	28.5	27	25.5	24	22.5	21	19.5	18	16.5	15
682	"Saudi Arabia"	26.289	25.969	125.989	187.007	491.874	995.676	1391.626	590.9	-25	60.187	945	815	850	350	200	200	200	200	200	200	190	180	170	160	150	140	130	120	110	100
275	"State of Palestine"	-68.813	-67.96	-77.639	-283.634	-32.25	-83.7	-61.45	-39.35	35	70	-190	-90	-43.75	-32.813	-25	-25	-25	-25	-25	-25	-23.75	-22.5	-21.25	-20	-18.75	-17.5	-16.25	-15	-13.75	-12.5
760	"Syrian Arab Republic"	-70	-15	-16	-16	-81.501	-161.672	-87.001	-146.501	-70	-130	-379.91	370	-4029.996	940.716	2779.904	1200.697	-33.004	-41.001	-49.998	-49.998	-47.497	-45.002	-42.5	-40.002	-37.499	-34.999	-32.499	-30	-27.501	-25.002
792	"Turkey"	-19.782	-92.491	-259.169	-319.769	-314.799	-367.998	-77.591	-150	-200.001	-149.998	-100.002	-50	2000.003	-419.998	-999.997	-350.003	-49.998	-50	-50	-50	-47.5	-45	-42.5	-40	-37.5	-35	-32.5	-30	-27.5	-25
784	"United Arab Emirates"	-0.138	-0.175	37.882	53.823	245.222	391.216	175.581	260.931	326.83	484.452	1180	3493	405	275	275	250	250	250	250	250	237.5	225	212.5	200	187.5	175	162.5	150	137.5	125
887	"Yemen"	-50	-75	-100	-245.662	-353	-75	-50	-50	672.8	-100	-100	0	-50	-200	-200	-100	-100	-100	-100	-100	-95.003	-90	-85.003	-80	-75.003	-70	-65.003	-60	-55.003	-50
908	"EUROPE"	-1301.013	-2530.013	399.735	-271.114	2080.639	2084.716	1633.177	2574.928	5693.467	3358.752	8268.603	8495.141	4123.221	4494.086	4173.243	4301.989	4475.74	4487.893	4487.881	4487.677	4263.322	4038.927	3814.54	3590.16	3365.784	3141.398	2917.022	2692.639	2468.25	2243.881
923	"Eastern Europe"	-137.812	-1966.165	-975.754	-499.363	-229.095	477.848	822.6	-156.731	1393.848	897.859	1130.758	1812.668	924.077	552.928	353.283	407.94	407.94	407.94	407.94	407.94	387.55	367.151	346.751	326.354	305.952	285.552	265.156	244.76	224.37	203.968
112	"Belarus"	-334.766	-164.536	-125.387	57.574	23.022	10.001	47.114	-6.309	-63.057	56.146	-6.382	63.933	120.535	10	10	10	10	10	10	10	9.5	9	8.501	7.998	7.503	7	6.498	6	5.499	5.004
100	"Bulgaria"	-118.095	-43.465	-1.437	-6.423	-43.396	-94.868	-22.346	-184.143	-356.464	-106.602	-83.002	-83.002	-50	-50	-50	-50	-50	-50	-50	-50	-47.5	-45.001	-42.5	-40.002	-37.504	-35	-32.502	-29.998	-27.502	-25.008
203	"Czech Republic"	59.997	-36.387	24.999	-129.099	9.999	9.999	-52.946	5.671	29.999	46.002	47.402	250.889	29.999	59.997	59.997	59.997	59.997	59.997	59.997	59.997	57.001	54	51	48.002	44.999	41.999	39.001	35.997	32.998	29.999
348	"Hungary"	24.754	-174.316	3.984	-9.921	-5.948	51.236	-119.461	-99.736	96.796	78.562	66.163	95.789	29.999	29.999	29.999	29.999	29.999	29.999	29.999	29.999	28.5	27.002	25.498	24.002	22.501	20.998	19.501	18.002	16.5	14.998
616	"Poland"	0	-165.548	-10.196	-143.114	-170.903	-106.595	-81.891	-458.986	-240.502	-243.932	38.05	5.235	-73.809	-38.09	-38.09	-38.09	-38.09	-38.09	-38.09	-38.09	-36.186	-34.28	-32.38	-30.473	-28.569	-26.665	-24.762	-22.855	-20.948	-19.043
498	"Republic of Moldova"	90.096	140.733	100.89	74.449	55.824	-26.414	-9.185	-84.531	-131.953	-165.309	-12.079	-47.911	-9.529	-14.318	-14.318	-14.318	-14.318	-14.318	-14.318	-14.318	-13.602	-12.884	-12.169	-11.452	-10.738	-10.023	-9.306	-8.591	-7.874	-7.158
642	"Romania"	-2.001	-2.001	-2.001	-2.001	-2.001	-99.999	-200	-200	-520.001	-610	-490.472	-874.406	-437.201	-218.6	-109.304	-54.647	-54.647	-54.647	-54.647	-54.647	-51.916	-49.187	-46.452	-43.721	-40.99	-38.255	-35.524	-32.789	-30.057	-27.327
643	"Russian Federation"	32.795	-1213.491	-1394.343	-550.619	-290.289	639.801	1107	906.615	2519.717	2308.22	1735.324	2157.349	1117.884	808.943	500.002	500.002	500.002	500.002	500.002	500.002	475	450.001	425.002	399.999	375	349.999	325	299.999	275.004	249.997
703	"Slovakia"	65.482	17.987	-26.427	-57.838	-15.254	-9.696	-34.777	-35.312	-15.108	-2.964	1.199	9.597	1.199	4.999	4.999	4.999	4.999	4.999	4.999	4.999	4.752	4.499	4.251	4	3.748	3.499	3.251	2.999	2.751	2.5
804	"Ukraine"	43.926	-325.141	454.164	267.629	209.851	104.383	189.092	0	74.421	-462.264	-165.445	235.195	195	-40.002	-40.002	-40.002	-40.002	-40.002	-40.002	-40.002	-37.999	-35.999	-34	-31.999	-29.998	-28	-26.001	-24.004	-22.001	-19.994
924	"Northern Europe"	-506.249	-97.368	196.286	76.778	374.718	300.967	58.037	315.182	160.234	656.386	1282.991	2089.45	1222.392	1418.231	1334.728	1333.904	1333.904	1333.904	1333.904	1333.704	1267.019	1200.326	1133.641	1066.961	1000.279	933.583	866.904	800.226	733.523	666.855
830	"Channel Islands"	2.186	2.251	2.934	3.88	4.25	1.726	5.38	6.085	2.12	3.778	4.592	4.479	3.654	3.654	3.654	3.654	3.654	3.654	3.654	3.654	3.474	3.291	3.109	2.925	2.742	2.558	2.376	2.195	2.011	1.827
208	"Denmark"	-18.28	-32.64	2.256	21.866	23.256	14.925	9.319	32.839	65.466	74.568	46.306	87.989	96.839	75.998	75.998	75.998	75.998	75.998	75.998	75.998	72.202	68.4	64.601	60.799	57.001	53.198	49.401	45.602	41.798	38.001
233	"Estonia"	36.999	26.899	43.228	41.204	30.581	30.51	25.9	15.497	-111.876	-1.197	-18.406	-15.151	-11.85	-4.999	-4.999	-4.999	-4.999	-4.999	-4.999	-4.999	-4.748	-4.505	-4.249	-3.999	-3.748	-3.501	-3.249	-2.999	-2.75	-2.503
246	"Finland"	-32.54	-27.747	-64.984	-97.937	28.88	-29.377	26.181	18.268	47.223	22.154	31.935	71.143	107.409	58.003	58.003	58.003	58.003	58.003	58.003	58.003	55.1	52.199	49.297	46.4	43.499	40.599	37.701	34.801	31.899	29
352	"Iceland"	-0.413	0.323	-0.732	-2.757	-1.061	-3.929	0.26	0.646	-1.054	1.994	3.894	8.041	-0.378	1.902	1.902	1.902	1.902	1.902	1.902	1.902	1.805	1.711	1.616	1.525	1.426	1.331	1.238	1.141	1.045	0.951
372	"Ireland"	-146.275	-207.419	-109.734	-50.86	37.331	53.058	-50.745	-115.193	-10.648	83.412	199.949	198.144	-140.001	23.497	50.002	50.002	50.002	50.002	50.002	50.002	47.499	44.999	42.496	40.001	37.501	34.999	32.499	29.999	27.498	25.001
428	"Latvia"	27.792	61.687	76.276	69.482	54.668	41.271	39.884	42.002	-135.622	-39.042	-82.692	-86.168	-73.442	-0.359	-0.359	-0.359	-0.359	-0.359	-0.359	-0.359	-0.34	-0.32	-0.302	-0.288	-0.269	-0.25	-0.237	-0.216	-0.198	-0.176
440	"Lithuania"	-60.523	-24.501	24.715	26.314	37.782	38.815	43.804	36.863	-100.301	-111.16	-83.738	-141.659	-169.529	0	0	0	0	0	0	0	0	0	0	0	0	0	0	0	0	0
578	"Norway"	-3.962	-9.438	-2.274	13.867	29.273	20.728	24.805	38.715	46.903	58.773	67.4	174.001	235.665	175.333	115.003	115.003	115.003	115.003	115.003	115.003	109.25	103.5	97.749	92.001	86.248	80.5	74.753	69.001	63.247	57.503
752	"Sweden"	52.052	47.266	80.351	130.98	18.798	88.567	29.799	134.569	156.46	58.47	141.723	262.453	272.626	183.001	183.001	183.001	183.001	183.001	183.001	183.001	173.849	164.7	155.55	146.399	137.248	128.099	118.947	109.8	100.65	91.5
826	"United Kingdom"	-357.92	69.966	142.563	-84.853	106.415	39.119	-97.495	98.758	205.443	498.998	968.35	1523.939	900	900	850.623	850	850	850	850	850	807.5	765	722.5	680	637.506	595	552.5	510	467.5	425
925	"Southern Europe"	-937.433	-1542.871	-1340.699	-1474.392	71.049	733.792	287.032	-210.984	-230.413	496.915	4340.757	3212.882	-564.664	646.12	778.427	858.343	1032.094	1044.247	1044.235	1044.231	992.041	939.826	887.616	835.398	783.211	731.004	678.785	626.576	574.369	522.158
8	"Albania"	-0.099	-0.099	-0.099	-0.099	-0.099	-0.099	-0.099	-0.099	-443.212	-179.606	-175.406	-252.926	-91.75	-50.002	-50.002	-50.002	-50.002	-50.002	-50.002	-50.002	-47.499	-44.999	-42.496	-40.001	-37.501	-34.999	-32.499	-29.999	-27.498	-25.001
70	"Bosnia and Herzegovina"	-50.002	-50.002	-50.002	-99.999	-74.999	-74.999	-29.999	-56.374	-748.374	-160.02	34.82	3.677	-2.506	-2.506	-2.506	-2.506	-2.506	-2.506	-2.506	-2.506	-2.376	-2.251	-2.126	-2	-1.875	-1.749	-1.626	-1.502	-1.375	-1.255
191	"Croatia"	-0.018	-0.018	1.854	-1.225	-18.403	18.681	54.369	26.145	-143.579	-188.129	-2.58	-22.532	-20	-2.58	-2.58	-2.58	-2.58	-2.58	-2.58	-2.58	-2.454	-2.326	-2.196	-2.072	-1.938	-1.81	-1.672	-1.546	-1.422	-1.292
300	"Greece"	18.595	-13.954	-145.243	-99.122	10.771	330.211	114.02	158.887	464.636	297.431	113.586	80.157	-136.299	49.996	49.996	49.996	49.996	49.996	49.996	49.996	47.502	44.999	42.499	39.996	37.503	35.003	32.497	29.997	27.498	25.007
380	"Italy"	-203.668	-559.402	-231.607	-231.781	19.396	164.927	266.352	-10.058	152.825	223.974	1624.3	1006.308	528.269	528.268	528.268	499.999	499.999	499.999	499.999	499.999	475.002	449.999	425	400	375	350.002	325.001	300.002	275	250
470	"Malta"	-29.215	-27.724	-26.384	-12.601	-9.682	-4.843	2.88	1.159	2.893	4.316	5.76	13.525	6.252	4.823	3.999	2.999	2.001	2.001	2.001	2.001	1.9	1.799	1.699	1.599	1.499	1.403	1.298	1.198	1.099	1
499	"Montenegro"	9.999	-2.001	-2.001	-53.773	-2.001	-7.401	-2.001	-29.965	-20.249	-21.588	-7.999	-3.108	-2.412	-2.412	-2.412	-2.412	-2.412	-2.412	-2.412	-2.412	-2.29	-2.175	-2.05	-1.928	-1.808	-1.688	-1.567	-1.448	-1.326	-1.208
620	"Portugal"	-265.081	-329.412	-547.884	-701.6	108.187	198.629	-66.894	-147.873	149.122	173.604	178.353	127.025	-140	-29.136	26.926	60.834	85.302	97.459	97.456	97.456	92.584	87.712	82.837	77.965	73.094	68.222	63.35	58.476	53.604	48.729
688	"Serbia"	35.206	-50.057	-88.14	-89.744	-20.651	7.68	-10.36	-27.488	178.348	-546.911	-276.331	-38.215	-99.999	-50.002	-50.002	-50.002	-50.002	-50.002	-50.002	-50.002	-47.5	-45.001	-42.498	-40.002	-37.501	-34.998	-32.501	-30	-27.498	-25.001
705	"Slovenia"	-20	-9.672	-22.059	-14.95	17.942	34.686	68.363	32.609	-17.461	1.487	14.998	49.624	4.324	6.002	6.002	6.002	6.002	6.002	6.002	6.002	5.701	5.399	5.098	4.796	4.501	4.199	3.899	3.598	3.3	2.999
724	"Spain"	-435.544	-459.011	-193.807	-145.936	96.99	76.903	-43.291	-67.671	319.268	896.019	2829.228	2250.005	-593.069	198.843	274.135	349.424	499.708	499.708	499.708	499.708	474.726	449.741	424.752	399.77	374.784	349.798	324.808	299.827	274.84	249.857
807	"TFYR Macedonia"	0	-44.94	-40.94	-28.981	-61.002	-14.749	-72.752	-98.818	-133.498	-4.999	-15.272	-4.999	-4.999	-4.999	-4.999	-4.999	-4.999	-4.999	-4.999	-4.999	-4.752	-4.499	-4.251	-4	-3.748	-3.499	-3.251	-2.999	-2.751	-2.5
926	"Western Europe"	280.481	1076.391	2519.902	1625.863	1863.967	572.109	465.508	2627.461	4369.798	1307.592	1514.097	1380.141	2541.416	1876.807	1706.805	1701.802	1701.802	1701.802	1701.802	1701.802	1616.712	1531.624	1446.532	1361.447	1276.342	1191.259	1106.177	1021.077	935.988	850.9
40	"Austria"	-77.999	-52.002	15.996	50.401	82.001	5.502	18.002	110.999	227.841	65.082	178.117	153.763	147.089	99.999	99.999	99.999	99.999	99.999	99.999	99.999	95	90	84.999	80	74.999	69.998	65	59.997	55.001	50.002
56	"Belgium"	59.177	43.85	71.911	86.168	39.275	70.243	13.46	44.794	115.391	67.177	247.56	267.204	269.998	240	119.998	119.998	119.998	119.998	119.998	119.998	114.001	107.998	102	96	89.996	84.002	77.999	72.001	66.001	60
250	"France"	298.328	930.036	1466.682	416.217	805.181	146.855	268.131	481.869	303.416	188.966	739.395	480.787	331.555	400.002	400.002	400.002	400.002	400.002	400.002	400.002	380	360.001	340	320.002	299.997	280.001	260	240.002	219.999	200
276	"Germany"	-42.001	39.829	666.962	917.575	714.153	288.662	0.023	1710.683	3232.654	744.288	1.217	31.64	1249.998	750	750	750	750	750	750	750	712.501	675.003	637.5	600.002	562.5	524.997	487.502	449.998	412.499	375
442	"Luxembourg"	5.756	4.191	8.527	5.918	15.284	11.846	2.552	12.831	20.04	19.94	14.473	42.279	48.704	25.001	25.001	19.998	19.998	19.998	19.998	19.998	19	18.002	17.003	16.003	15.001	14	13	11.999	10.997	10.002
528	"Netherlands"	-94.668	-22.221	11.589	54.636	179.46	180.718	79.525	133.845	220.083	153.553	144.62	55.674	110.006	110.006	110.006	110.006	110.006	110.006	110.006	110.006	104.496	98.998	93.501	88.001	82.496	77.003	71.5	66.002	60.498	54.997
756	"Switzerland"	131.747	129.187	276.181	92.978	25.185	-135.365	81.04	130.857	247.406	65.218	186.125	344.872	382.267	250	200	200	200	200	200	200	190.001	180.001	170	160.001	150	139.998	130.002	119.999	110.001	100.001
904	"LATIN AMERICA AND THE CARIBBEAN"	-154.998	-1023.323	-1429.116	-2051.62	-2277.416	-3188.899	-3433.291	-3483.999	-3241.942	-4317.4	-5524.543	-2686.434	-2073.835	-1881.744	-1695.719	-1622.386	-1550.671	-1545.379	-1540.629	-1535.858	-1459.129	-1382.398	-1305.653	-1228.926	-1152.189	-1075.442	-998.708	-921.982	-845.232	-768.183
915	"Caribbean"	-454.743	-530.734	-662.48	-813.953	-618.352	-605.653	-720.817	-659.816	-573.642	-638.588	-688.337	-725.177	-580.512	-600.341	-534.746	-488.447	-457.671	-452.373	-447.54	-442.688	-420.527	-398.382	-376.253	-354.129	-331.999	-309.887	-287.775	-265.699	-243.584	-221.606
28	"Antigua and Barbuda"	0.187	-4.463	-1.703	-1.625	-2.874	-3.492	-8.84	-7.629	2.617	4.421	-0.282	-0.092	-0.056	-0.056	-0.056	-0.056	-0.056	-0.056	-0.056	-0.056	-0.053	-0.05	-0.05	-0.044	-0.04	-0.038	-0.036	-0.032	-0.029	-0.028
533	"Aruba"	-1.58	2.784	-4.323	-4.275	-3.537	-5.47	-1.921	-5.194	14.218	6.926	6.263	-0.441	1.253	1.004	0.803	0.646	0.519	0.417	0.334	0.269	0.217	0.179	0.149	0.126	0.107	0.093	0.085	0.077	0.072	0.069
44	"Bahamas"	-0.227	8.483	14.357	14.08	0.887	2.791	0.18	-1.099	-0.395	-3.097	15.483	14.363	9.672	5.372	5.372	5.372	5.372	5.372	5.372	5.372	5.082	4.798	4.51	4.22	3.94	3.654	3.364	3.074	2.786	2.5
52	"Barbados"	-6.823	-17.305	-15.903	-11.88	-5.433	-3.595	-5.589	-4.077	-3.263	-1.323	-0.077	2.05	2.18	2.069	1.968	1.872	1.778	1.685	1.602	1.525	1.448	1.371	1.294	1.217	1.14	1.063	0.986	0.909	0.832	0.755
192	"Cuba"	-30	-55	-205	-250	-190	-160	-270	-69.999	-120.006	-163.997	-149.998	-193.998	-79.999	-109.998	-64.996	-40	-29.999	-29.999	-29.999	-30	-28.495	-26.998	-25.494	-23.996	-22.497	-20.999	-19.495	-17.999	-16.497	-15
531	"Cura~ASSao"	2.619	-5.986	-7.752	-4.526	-5	-13.251	-8.464	-14.547	-11.517	-17.077	-6.07	15.363	5.71	2.856	2.856	2.856	2.856	2.856	2.856	2.856	2.71	2.575	2.427	2.284	2.141	2.002	1.856	1.714	1.567	1.427
214	"Dominican Republic"	-18.957	-31.722	-43.49	-56.172	-70.824	-87.098	-118.102	-134.47	-144.154	-150.146	-152.553	-153.773	-153.01	-151.333	-147.671	-140.346	-128.143	-128.145	-128.144	-128.143	-121.734	-115.328	-108.924	-102.518	-96.109	-89.702	-83.294	-76.889	-70.478	-64.074
308	"Grenada"	-5.582	-5.22	-8.968	-9.319	-11.426	-12.867	-0.288	-15.001	-3.923	-4.912	-4.132	-4.274	-4.274	-3.501	-2.997	-2.799	-2.499	-2.502	-2.499	-2.501	-2.377	-2.249	-2.123	-1.998	-1.875	-1.749	-1.621	-1.498	-1.378	-1.251
312	"Guadeloupe"	-2.805	5.503	-10.865	-18.256	-24.847	-23.851	6.123	5.91	-4.188	0.364	-1.142	-13	-3.743	-2.804	-2.106	-1.576	-1.576	-1.576	-1.576	-1.576	-1.487	-1.395	-1.313	-1.223	-1.132	-1.042	-0.954	-0.865	-0.772	-0.791
332	"Haiti"	-29.999	-34.999	-51.997	-58.003	-88	-97.999	-124.999	-135.001	-140.001	-144.998	-139.999	-138.004	-150	-175	-175	-175	-175	-175	-175	-175	-166.249	-157.501	-148.751	-139.998	-131.245	-122.502	-113.747	-105.004	-96.246	-87.501
388	"Jamaica"	-36.89	-149.699	-147.722	-168.398	-103.176	-112.462	-80.344	-158.694	-109.999	-90.002	-91.999	-94.999	-97	-90	-84.999	-82.5	-75	-69.999	-65.002	-59.999	-56.998	-53.999	-50.999	-47.999	-45.002	-42.001	-39.004	-36.003	-33.004	-29.996
474	"Martinique"	-8.004	0.035	-8.196	-23.08	-27.079	-20.682	-1.639	-0.234	-6.748	2.54	-4.008	-14.113	-5.684	-4.8	-3.203	-3.203	-3.203	-3.203	-3.203	-3.203	-2.99	-2.788	-2.601	-2.428	-2.265	-2.115	-1.973	-1.844	-1.721	-1.598
630	"Puerto Rico"	-289.711	-209.505	-91.587	-134.255	-41.031	-19.579	-48.42	-55.192	-0.296	-30.45	-145.704	-138.043	-103.537	-70.002	-59.999	-50	-50	-50	-50	-50	-47.5	-44.999	-42.497	-39.998	-37.498	-35.001	-32.502	-30.003	-27.499	-25.003
662	"Saint Lucia"	-9.113	-12.441	-9.372	-7.697	-9.649	-8.932	-8.141	-4.262	-4.806	-0.948	-0.227	2.85	0.04	0.04	0.04	0.04	0.04	0.04	0.04	0.04	0.038	0.036	0.034	0.032	0.03	0.028	0.026	0.024	0.022	0.02
670	"Saint Vincent and the Grenadines"	-4.907	-5.687	-9.326	-10.014	-8.792	-7.257	-7.345	-7.103	-8.682	-7.948	-5.2	-5.122	-5	-3.004	-2.502	-2	-1.505	-1.006	-1.004	-1.004	-0.946	-0.901	-0.847	-0.802	-0.748	-0.7	-0.648	-0.604	-0.55	-0.501
780	"Trinidad and Tobago"	-2.802	-2.825	-57.936	-61.563	-29.357	-30.858	-34.278	-45.071	-31.973	-32.545	-13.159	-11.303	-5	-4.501	-3.998	-3.501	-2.999	-2.999	-3.002	-3.004	-2.848	-2.7	-2.55	-2.397	-2.25	-2.098	-1.95	-1.801	-1.649	-1.501
850	"United States Virgin Islands"	-0.302	-0.537	10.27	3.245	9.407	1.961	-3.492	-11.156	-4.618	-3.936	-5.272	-6.191	-3.604	-1.799	-1.799	-1.799	-1.799	-1.799	-1.799	-1.799	-1.71	-1.62	-1.532	-1.44	-1.349	-1.262	-1.171	-1.079	-0.99	-0.901
916	"Central America"	-279.065	-349.242	-464.478	-801.624	-1170.29	-1654.427	-2129.916	-2259.904	-2005.876	-2665.331	-3614.263	-1020.959	-1043.644	-962.475	-885.993	-826.327	-794.982	-794.997	-795.075	-795.152	-755.472	-715.788	-676.083	-636.372	-596.67	-556.941	-517.209	-477.474	-437.727	-397.573
84	"Belize"	-2.956	-2.744	-2.418	-2.957	-10.665	-13.542	-5.332	-5.404	-9.011	11.909	5.797	8.722	7.594	6.832	6.159	5.544	5.544	5.544	5.544	5.544	5.264	4.987	4.712	4.432	4.156	3.88	3.601	3.325	3.048	2.769
188	"Costa Rica"	4.912	7.137	7.905	7.827	12.638	17.425	18.876	17.417	69.202	89.527	41.792	30.339	19.658	16.384	13.494	10.978	8.788	8.778	8.776	8.778	8.334	7.896	7.462	7.024	6.58	6.144	5.706	5.264	4.826	4.394
222	"El Salvador"	-62.152	-43.88	-24.031	-44.306	-90.977	-164.23	-231.749	-256.685	-265.152	-326.853	-312.786	-285.671	-240.415	-202.694	-170.327	-141.572	-116.324	-116.253	-116.25	-116.252	-110.439	-104.627	-98.815	-93.003	-87.189	-81.377	-75.565	-69.75	-63.937	-58.126
320	"Guatemala"	-4	-6.499	-19.999	-40.498	-81	-180.001	-220.003	-250.001	-260.001	-280.001	-199.998	-132	-120.001	-94.769	-71.678	-52.193	-36.845	-36.845	-36.845	-36.845	-35	-33.155	-31.317	-29.47	-27.632	-25.79	-23.95	-22.106	-20.263	-18.418
340	"Honduras"	10	10	11	-70	-50	-30	-50.002	-70.001	-119.999	-180.003	-149.999	-99.997	-80	-63.746	-48.782	-36.018	-25.817	-25.818	-25.818	-25.817	-24.525	-23.237	-21.945	-20.651	-19.362	-18.072	-16.779	-15.491	-14.2	-12.91
484	"Mexico"	-200.001	-289.999	-411.004	-620.001	-899.999	-1212.001	-1519	-1535.834	-1302.868	-1844.707	-2841.19	-409.596	-523.585	-549.588	-563.587	-577.59	-606.614	-606.69	-606.768	-606.846	-576.581	-546.306	-516.025	-485.733	-455.436	-425.127	-394.81	-364.49	-334.158	-303.423
558	"Nicaragua"	-10.802	-11	-14.003	-18.997	-37.999	-58.001	-110.002	-150.001	-120.001	-145	-173.998	-155	-135	-106.342	-80.154	-58.124	-40.847	-40.846	-40.847	-40.847	-38.804	-36.764	-34.72	-32.676	-30.638	-28.594	-26.549	-24.507	-22.466	-20.424
591	"Panama"	-14.066	-12.257	-11.928	-12.692	-12.288	-14.077	-12.704	-9.395	1.954	9.797	16.119	22.244	28.105	31.448	28.882	22.648	17.133	17.133	17.133	17.133	16.279	15.418	14.565	13.705	12.851	11.995	11.137	10.281	9.423	8.565
931	"South America"	578.81	-143.347	-302.158	-436.043	-488.774	-928.819	-582.558	-564.279	-662.424	-1013.481	-1221.943	-940.298	-449.679	-318.928	-274.98	-307.612	-298.018	-298.009	-298.014	-298.018	-283.13	-268.228	-253.317	-238.425	-223.52	-208.614	-193.724	-178.809	-163.921	-149.004
32	"Argentina"	309.999	140.002	122.001	130.001	290	-230.001	139.999	160.002	29.999	-80	-90	-84.998	30	24.002	19.002	15.4	12	11.999	11.999	11.998	11.401	10.798	10.201	9.598	8.997	8.401	7.801	7.201	6.602	5.999
68	"Bolivia (Plurinational State of)"	-31.997	-30.002	-34.003	-37.001	-42.998	-60.007	-87.002	-106.998	-90.997	-83.002	-89.995	-84.003	-61.794	-50.005	-40.3	-31.699	-24.391	-24.388	-24.392	-24.393	-23.173	-21.951	-20.731	-19.511	-18.295	-17.074	-15.855	-14.636	-13.416	-12.195
76	"Brazil"	330.012	0	0	0	0	0	0	0	0	0	0	0	15.924	37.195	29.853	23.036	4.413	4.413	4.413	4.413	4.192	3.973	3.753	3.53	3.31	3.088	2.868	2.651	2.428	2.21
152	"Chile"	-29.754	-29.589	-33.751	-42.595	-51.769	-50.998	-37.305	7.909	62.545	71.64	93.789	139.345	201.289	208.609	177.561	82.628	82.625	82.628	82.629	82.631	78.496	74.365	70.232	66.102	61.971	57.841	53.707	49.574	45.441	41.317
170	"Colombia"	-162.997	-213.002	-253.998	-281	-289.998	-286.998	-273.997	-254.001	-223.998	-190	-159.003	-143	-144.998	-147.004	-147.002	-147	-144.998	-144.998	-144.998	-145.001	-137.751	-130.501	-123.25	-116.001	-108.749	-101.497	-94.25	-86.999	-79.753	-72.497
218	"Ecuador"	-2	-7.999	-9.002	-5.5	-5.499	-7.198	-14.001	-16.998	-19	-69.999	-120.002	-44.999	-38.001	-30.776	-24.056	-18.214	-13.42	-13.42	-13.42	-13.42	-12.753	-12.081	-11.408	-10.74	-10.067	-9.396	-8.728	-8.052	-7.382	-6.713
254	"French Guiana"	0.231	0.706	3.474	4.035	2.53	5.096	10.773	16.749	4.45	6.6	17.699	3.004	6	6	6	6	6	6	6	6	5.704	5.399	5.101	4.801	4.503	4.201	3.9	3.601	3.298	3.001
328	"Guyana"	10.849	-1.017	2.132	-43.195	-52.068	-53.966	-121.338	-134.808	-76.825	-54.757	-58.713	-34.129	-27.278	-24.552	-22.097	-20.757	-19.551	-19.551	-19.551	-19.551	-18.574	-17.597	-16.618	-15.643	-14.665	-13.683	-12.709	-11.73	-10.753	-9.776
600	"Paraguay"	-78.978	-74.633	-70.58	-65.825	-58.83	-46.331	-21.209	-17.242	-31.049	-43.861	-46.919	-117.299	-86.7	-82.365	-76.682	-69.965	-62.555	-62.555	-62.555	-62.555	-59.428	-56.3	-53.174	-50.047	-46.917	-43.789	-40.66	-37.536	-34.405	-31.28
604	"Peru"	-16.5	-22.001	-30	-50.003	-87.999	-98.998	-117.998	-185.001	-293.999	-540.001	-634.999	-489.999	-240	-179.54	-128.859	-89.445	-89.445	-89.445	-89.445	-89.445	-84.972	-80.5	-76.03	-71.556	-67.08	-62.612	-58.138	-53.668	-49.192	-44.715
740	"Suriname"	-3.423	-5.416	-11.05	-13.862	-56.82	-40.352	-31.771	-4.845	-3.342	-2.402	-22.142	-5.675	-5	-4.999	-4.999	-4.999	-4.999	-4.999	-4.999	-4.999	-4.753	-4.501	-4.25	-3.999	-3.75	-3.501	-3.252	-2.999	-2.75	-2.5
858	"Uruguay"	10	20	-6	-34	-136	-60	-30	-30	-20	-26	-104	-50	-30	-15	-15	-15	-15	-15	-15	-15	-14.255	-13.505	-12.753	-12	-11.255	-10.505	-9.753	-9	-8.255	-7.505
862	"Venezuela (Bolivarian Republic of)"	243.547	79.805	18.874	3.172	0.892	1.094	1.373	0.891	-0.572	-2.061	-7.648	-28.395	-69.121	-60.493	-48.401	-37.597	-28.697	-28.693	-28.695	-28.696	-27.264	-25.827	-24.39	-22.959	-21.523	-20.088	-18.655	-17.216	-15.784	-14.35
905	"NORTHERN AMERICA"	1483.747	2420.278	1135.795	2105.282	3611.84	4308.149	3654.765	4559.737	5263.692	9451.043	6173.86	6295.538	6179.388	6097.818	5999.491	5999.491	5999.491	5999.491	5999.491	5999.491	5699.514	5399.542	5099.565	4799.586	4499.615	4199.645	3899.67	3599.695	3299.716	2999.742
124	"Canada"	615.129	561.451	178.066	608.528	771.526	438.027	376.129	875.013	698.764	761.611	1026.702	1229.905	1175.863	1099.999	1000.002	1000.002	1000.002	1000.002	1000.002	1000.002	949.999	900.002	850	800	750.001	700	650	600.001	549.998	500.003
840	"United States of America"	870.259	1859.808	958.657	1495.165	2840.495	3872.811	3279.26	3686.097	4568.941	8692.337	5149.157	5070.253	5007.887	5000.002	5000.002	5000.002	5000.002	5000.002	5000.002	5000.002	4750.003	4500.002	4250.002	3999.999	3749.998	3500.005	3250.004	3000.002	2750.001	2499.993
909	"OCEANIA"	478.632	406.819	422.293	832.92	293.871	95.04	417.907	561.106	401.75	323.733	574.296	1077.834	951.684	843.689	741.947	749.152	752.353	752.513	752.541	752.562	714.948	677.318	639.681	602.078	564.416	526.811	489.175	451.555	413.918	376.281
927	"Australia/New Zealand"	500.707	436.066	425.74	850.158	340.807	160.95	453.319	656.815	469.094	420.136	709.733	1195.101	1030.372	913.997	813.997	813.997	813.997	813.997	813.997	813.997	773.3	732.6	691.899	651.2	610.497	569.803	529.097	488.402	447.703	406.996
36	"Australia"	438.295	397.191	382.989	852.782	264.129	235.744	456.227	666.233	351.078	377.552	575.104	1132.688	1023.107	851.998	751.998	751.998	751.998	751.998	751.998	751.998	714.4	676.8	639.199	601.6	563.999	526.4	488.797	451.2	413.6	375.997
554	"New Zealand"	62.412	38.875	42.751	-2.624	76.678	-74.794	-2.908	-9.418	118.016	42.584	134.629	62.413	7.265	61.999	61.999	61.999	61.999	61.999	61.999	61.999	58.9	55.8	52.7	49.6	46.498	43.403	40.3	37.202	34.103	30.999
928	"Melanesia"	-5.724	-7.635	3.896	-3.786	-9.859	-29.747	-17.026	-71.033	-32.284	-44.453	-62.426	-35.281	-34.325	-34.457	-34.457	-34.457	-34.457	-34.457	-34.457	-34.457	-32.731	-31.015	-29.285	-27.553	-25.842	-24.119	-22.398	-20.67	-18.952	-17.222
242	"Fiji"	-3.286	-4.858	2.451	-9.567	-12.506	-20.709	-11.628	-66.875	-35.796	-42.26	-61.797	-28.754	-28.72	-28.72	-28.72	-28.72	-28.72	-28.72	-28.72	-28.72	-27.28	-25.846	-24.408	-22.966	-21.536	-20.104	-18.666	-17.23	-15.794	-14.352
540	"New Caledonia"	-3.462	2.454	3.347	1.106	6.442	-1.222	-2.085	0.475	4.778	5.571	4.771	4.234	5.66	5.66	5.66	5.66	5.66	5.66	5.66	5.66	5.378	5.096	4.812	4.53	4.246	3.968	3.682	3.398	3.112	2.832
598	"Papua New Guinea"	-0.665	-7.675	-4.317	2.993	-7.352	-8.243	0	0	0	0	0	0	0	0	0	0	0	0	0	0	0	0	0	0	0	0	0	0	0	0
90	"Solomon Islands"	1.793	2.566	2.348	2.188	2.118	0.182	-0.001	-1.832	-0.971	-0.677	-4.898	-11.896	-11.868	-12	-12	-12	-12	-12	-12	-12	-11.402	-10.802	-10.198	-9.598	-9	-8.402	-7.802	-7.198	-6.598	-6
548	"Vanuatu"	-0.104	-0.122	0.067	-0.506	1.439	0.245	-3.312	-2.801	-0.295	-7.087	-0.502	1.135	0.603	0.603	0.603	0.603	0.603	0.603	0.603	0.603	0.573	0.537	0.509	0.481	0.448	0.419	0.388	0.36	0.328	0.298
954	"Micronesia"	-5.917	-6.016	-4.15	-3.454	-11.666	-7.092	8.753	8.683	-0.412	-22.534	-41.874	-43.525	-16.048	-12.028	-9.979	-7.98	-7.983	-7.982	-7.986	-7.98	-7.585	-7.187	-6.789	-6.386	-5.995	-5.586	-5.179	-4.788	-4.391	-3.991
316	"Guam"	-3.842	-4.552	-2.905	-1.442	-2.131	-1.511	0.109	0.099	1.739	-4.116	-9.556	-9.776	0	0	0	0	0	0	0	0	0	0	0	0	0	0	0	0	0	0
296	"Kiribati"	-1.082	-1.127	-1.219	-1.274	-1.5	-2.576	-3.112	-0.766	-4.598	-2.977	-2.039	-0.578	-2.13	-2.128	-2.129	-2.13	-2.133	-2.132	-2.136	-2.13	-2.028	-1.92	-1.809	-1.707	-1.599	-1.49	-1.381	-1.278	-1.174	-1.067
583	"Micronesia (Fed. States of)"	0	0	0	0	-7.997	-0.548	0	-2.461	-2.234	-13.618	-12.85	-12.132	-8.192	-6	-5	-4	-4	-4	-4	-4	-3.798	-3.598	-3.402	-3.2	-3	-2.8	-2.598	-2.402	-2.202	-2
957	"Polynesia"	-10.434	-15.596	-3.193	-9.998	-25.411	-29.071	-27.139	-33.359	-34.648	-29.416	-31.137	-38.461	-28.315	-23.823	-27.614	-22.408	-19.204	-19.045	-19.013	-18.998	-18.036	-17.08	-16.144	-15.183	-14.244	-13.287	-12.345	-11.389	-10.442	-9.502
258	"French Polynesia"	-1.286	-2.427	3.19	3.344	4.388	3.844	3.65	0.241	-4.324	3.483	0.077	-3.463	-0.5	-0.5	-5	-0.5	-0.5	-0.5	-0.5	-0.5	-0.479	-0.453	-0.428	-0.402	-0.378	-0.353	-0.326	-0.301	-0.278	-0.254
882	"Samoa"	-2.765	-2.365	-1.453	-5.043	-13.312	-17.563	-17.43	-18.654	-13.724	-17.3	-15.726	-15.371	-12.69	-12.5	-12.5	-12.5	-10	-10	-10	-10	-9.506	-9	-8.506	-8	-7.506	-7	-6.506	-6	-5.506	-5
776	"Tonga"	-1.614	-4.925	0.103	-3.147	-7.635	-7.889	-12.542	-10.902	-11.082	-8.701	-8.129	-8.196	-8.078	-4.833	-4.88	-4.878	-4.871	-4.868	-4.867	-4.867	-4.625	-4.381	-4.138	-3.895	-3.654	-3.41	-3.168	-2.922	-2.679	-2.441
