"name"	"country_code"	2020	2025	2030	2035	2040	2045	2050	2055	2060	2065	2070	2075	2080	2085	2090	2095	2100
"World"	900	7688595.397	7960812.73	8179514.851	8372455.262	8532256.577	8647358.895	8710042.493	8720958.506	8685876.106	8613162.629	8508031.772	8370123.744	8199955.646	8001035.471	7780519.959	7543769.487	7293830.315
"More developed regions"	901	1256280.255	1251615.648	1239776.984	1224772.53	1207058.245	1186469.781	1162261.169	1133962.939	1102809.937	1070448.912	1038093.835	1006018.694	973957.815	941580.423	908786.328	875653.635	842416.206
"Less developed regions"	902	6432315.142	6709197.082	6939737.867	7147682.732	7325198.332	7460889.114	7547781.324	7586995.567	7583066.169	7542713.717	7469937.937	7364105.05	7225997.831	7059455.048	6871733.631	6668115.852	6451414.109
"Least developed countries"	941	1061187.697	1168217.717	1275468.263	1385754.652	1496141.561	1603146.802	1704077.401	1797827.94	1883682.1	1960778.246	2027805.945	2083268.269	2125941.404	2155678.299	2172845.078	2178153.815	2172405.028
"Other less developed countries"	934	5371127.445	5540979.365	5664269.604	5761928.08	5829056.771	5857742.312	5843703.923	5789167.627	5699384.069	5581935.471	5442131.992	5280836.781	5100056.427	4903776.749	4698888.553	4489962.037	4279009.081
"Less developed regions, excluding China"	948	5010539.298	5292572.263	5541868.884	5776000.326	5987104.559	6164913.527	6302587.97	6400560.055	6461715.519	6488438.43	6482196.771	6442335.074	6369971.071	6267732.4	6140475.573	5991598.288	5825264.745
"High-income countries"	1503	1419646.197	1425862.368	1423141.951	1416014.859	1404522.164	1388269.986	1366455.503	1338565.904	1306110.426	1271107.715	1234960.653	1198031.34	1160131.479	1121078.408	1081036.814	1040304.294	999418.755
"Middle-income countries"	1517	5545324.884	5727418.872	5862895.354	5973086.694	6052742.939	6093486.965	6090688.687	6046680.181	5966538.209	5857543.423	5724886.805	5569327.296	5392835.528	5199518.53	4996303.64	4787892.005	4576292.631
"Upper-middle-income countries"	1502	2446031.245	2469701.716	2472040.56	2463040.411	2441432.524	2404957.558	2352326.819	2284004.796	2202286.958	2112677.245	2018764.178	1921278.732	1820604.562	1718601.582	1618412.586	1522439.447	1430122.516
"Lower-middle-income countries"	1501	3099293.639	3257717.156	3390854.794	3510046.283	3611310.415	3688529.407	3738361.868	3762675.385	3764251.251	3744866.178	3706122.627	3648048.564	3572230.966	3480916.948	3377891.054	3265452.558	3146170.115
"Low-income countries"	1500	720503.199	804286.794	890129.881	979916.164	1071482.274	1162045.283	1249321.437	1332141.1	1409680.619	1481001.011	1544717.48	1599349.159	1643634.196	1677159.553	1699991.578	1712490.162	1715151.755
"Sub-Saharan Africa"	947	1086604.468	1214693.72	1347442.323	1487909.287	1632843.316	1777742.875	1919003.085	2054616.3	2183195.206	2303186.055	2412623.944	2509136.487	2590608.89	2655851.731	2704744.634	2737276.009	2754226.994
"Africa"	903	1328779.932	1472568.294	1618994.502	1772592.877	1929940.839	2085694.939	2235610.715	2377449.269	2509952.105	2631819.664	2741245.374	2835897.045	2913825.451	2973983.427	3016397.183	3041022.037	3048694.457
"Eastern Africa"	910	447531.343	501791.922	557431.422	615676.52	675143.082	733924.321	790507.189	844045.179	893996.562	939830.448	980699.935	1015676.289	1044046.508	1065551.133	1080194.31	1088072.706	1089518.073
"Burundi"	108	13022.813	14887.28	16803.107	18908.26	21237.037	23707.497	26189.939	28607.515	30969.96	33307.021	35598.635	37767.911	39738.459	41470.324	42966.813	44207.954	45192.904
"Comoros"	174	875.688	960.03	1041.767	1123.838	1204.571	1281.251	1350.686	1411.7	1463.822	1507.521	1542.534	1568.151	1583.528	1588.75	1584.19	1571.743	1552.069
"Djibouti"	262	938.113	980.166	1011.76	1035.524	1051.7	1059.878	1058.87	1048.12	1027.708	998.906	963.519	923.327	880.403	835.489	789.211	742.19	695.646
"Eritrea"	232	5838.986	6439.098	7031.283	7643.922	8257.048	8830.964	9335.867	9766.939	10129.571	10425.324	10652.825	10802.195	10872.448	10865.224	10785.527	10639.642	10441.52
"Ethiopia"	231	111006.172	122257.431	132903.775	143126.808	152670.215	161229.187	168554.549	174514.92	179023.079	182033.129	183477.11	183285.196	181454.185	178091.064	173390.009	167614.297	161036.543
"Kenya"	404	51724.432	57314.742	62933.226	68754.203	74606.81	80278.803	85589.913	90460.574	94839.735	98676.737	101907.146	104464.286	106284.087	107350.78	107662.395	107246.435	106161.224
"Madagascar"	450	27548.615	31010.24	34574.689	38290.501	42074.626	45847.688	49527.126	53077.886	56454.258	59610.626	62509.467	65069.446	67237.191	69001.472	70362.142	71317.908	71867.26
"Malawi"	454	19853.005	22646.289	25630.91	28823.305	32161.321	35584.704	39019.289	42396.144	45644.767	48713.768	51548.903	54106.922	56342.122	58224.525	59724.527	60819.475	61510.563
"Mauritius"	480	1279.449	1272.632	1255.632	1231.447	1198.704	1157.533	1109.383	1056.761	1002.028	946.355	889.685	831.623	772.213	712.449	653.636	597.936	547.487
"Mayotte"	175	270.753	300.857	330.954	361.77	392.128	420.656	446.348	468.867	488.203	504.443	517.482	527.192	533.395	535.997	534.816	529.704	520.7
"Mozambique"	508	31735.59	35725.382	40000.175	44626.984	49482.471	54434.964	59392.559	64248.511	68901.262	73289.516	77325.11	80927.894	84020.635	86551.967	88499.623	89861.359	90657.37
"Reunion"	638	884.525	902.051	912.342	917.011	914.586	903.936	884.882	858.839	828.307	795.675	762.391	728.635	693.336	655.682	615.375	573.339	530.615
"Rwanda"	646	12876.855	14045.709	15154.456	16256.529	17296.639	18191.799	18897.199	19410.739	19751.936	19927.408	19930.625	19755.896	19413.577	18923.156	18301.51	17568.705	16751.154
"Seychelles"	690	97.985	98.142	97.332	96.038	94.208	91.645	88.197	84.08	79.594	75.002	70.454	65.994	61.592	57.252	52.977	48.741	44.537
"Somalia"	706	12330.231	14075.386	15963.283	18001.542	20154.806	22373.564	24621.654	26874.817	29100.626	31260.415	33309.203	35204.393	36907.335	38384.804	39620.484	40604.409	41326.142
"South Sudan"	728	14008.615	15626.165	17183.426	18777.572	20372.431	21916.188	23363.656	24688.645	25875.978	26907.64	27762.698	28408.186	28833.278	29043.357	29049.576	28868.825	28524.717
"Uganda"	800	45481.132	52406.483	59772.513	67667.723	75871.207	84094.43	92167.336	100014.383	107555.73	114669.679	121156.54	126909.045	131783.683	135753.611	138781.458	140817.593	141856.159
"United Republic of Tanzania"	834	61736.97	70509.934	79941.977	90253.003	101195.644	112414.943	123681.899	134876.488	145929.649	156721.296	167045.66	176660.702	185395.566	193108.933	199707.426	205086.306	209187.519
"Zambia"	894	18725.751	21441.459	24428.185	27742.468	31328.474	35101.451	38992.503	42954.896	46974.47	51012.791	55016.958	58907.918	62640.389	66160.227	69431.402	72406.872	75046.757
"Zimbabwe"	716	17295.663	18892.446	20460.63	22038.072	23578.456	25003.24	26235.334	27224.355	27955.879	28447.196	28712.99	28761.377	28599.086	28236.07	27681.213	26949.273	26067.187
"Middle Africa"	911	174565.081	198551.108	223838.331	250803.493	278788.28	306988.845	334761.452	361790.667	387742.799	412200.084	434696.575	454749.99	471883.247	485860.66	496550.108	504006.623	508186.347
"Angola"	24	29016.056	33354.444	38046.814	43143.89	48501.917	53979.05	59461.8	64899.003	70229.477	75361.629	80190.464	84608.34	88528.514	91886.732	94650.257	96776.366	98247.51
"Cameroon"	120	26108.695	28900.622	31743.783	34714.437	37752.531	40745.029	43598.359	46268.22	48728.763	50951.13	52893.408	54495.36	55731.632	56589.3	57061.622	57162.533	56928.316
"Central African Republic"	140	5362.105	5812.463	6245.992	6678.453	7101.62	7503.142	7868.386	8185.568	8447.13	8648.739	8786.675	8859.134	8869.242	8819.486	8714.553	8557.696	8355.551
"Chad"	148	16303.681	18704.803	21217.39	23855.554	26561.254	29261.43	31900.339	34454.015	36901.046	39212.679	41328.533	43205.876	44813.809	46138.031	47187.267	47975.708	48500.513
"Congo"	178	5219.603	5858.883	6547.448	7298.278	8089.024	8887.476	9674.069	10446.315	11202.357	11936.61	12630.266	13268.206	13837.93	14331.168	14741.119	15058.767	15283.534
"Dem. Republic of the Congo"	180	89482.273	102542.337	116362.271	131140.657	146518.123	162071.687	177461.444	192512.273	207013.014	220706.803	233359.095	244717.026	254458.042	262443.712	268573.169	272919.14	275411.474
"Equatorial Guinea"	226	963.039	1080.12	1194.88	1309.881	1423.286	1532.975	1637.583	1735.156	1824.402	1903.262	1969.981	2022.989	2061.196	2084.473	2093.219	2087.886	2069.381
"Gabon"	266	1900.353	2069.337	2232.762	2396.22	2555.68	2705.647	2841.244	2958.007	3052.67	3125.462	3176.378	3205.191	3211.123	3194.625	3156.794	3099.578	3025.953
"Sao Tome and Principe"	678	209.276	228.099	246.991	266.123	284.845	302.409	318.228	332.11	343.94	353.77	361.775	367.868	371.759	373.133	372.108	368.949	364.115
"Northern Africa"	912	242175.464	257874.574	271552.179	284683.59	297097.523	307952.064	316607.63	322832.969	326756.899	328633.609	328621.43	326760.558	323216.561	318131.696	311652.549	303746.028	294467.463
"Algeria"	12	42595.241	44797.426	46406.65	47739.066	48910.719	49913.661	50630.711	50899.935	50667.173	50008.736	49046.189	47864.842	46526.673	45054.083	43463.535	41713.444	39778.934
"Egypt"	818	99580.575	106461.203	112587.864	118783.298	124874.742	130225.886	134498.011	137682.73	139936.321	141357.128	141964.644	141714.068	140732.698	139050.868	136717.444	133675.864	129907.607
"Libya"	434	6635.992	6920.082	7123.155	7283.852	7405.803	7475.849	7473.371	7388.459	7236.491	7040.557	6823.391	6593.485	6350.675	6086.166	5794.958	5480.527	5156.896
"Morocco"	504	36097.118	37350.173	38189.649	38773.124	39099.401	39148.315	38893.741	38334.961	37493.942	36411.224	35116.16	33653.437	32048.482	30346.301	28574.623	26753.797	24901.977
"Sudan"	729	44922.431	49651.133	54356.74	59117.249	63793.075	68214.598	72261.562	75902.451	79121.434	81911.842	84213.938	85951.376	87063.488	87592.829	87602.909	87137.662	86265.56
"Tunisia"	788	11718.877	12024.059	12179.464	12245.035	12243.512	12180.743	12040.445	11804.972	11478.861	11083.567	10642.611	10178.031	9701.005	9222.71	8737.966	8244.056	7738.621
"Western Sahara"	732	625.23	670.498	708.657	741.966	770.271	793.012	809.789	819.461	822.677	820.555	814.497	805.319	793.54	778.739	761.114	740.678	717.868
"Southern Africa"	913	64815.256	66146.632	66995.588	67705.162	68225.671	68441.652	68271.831	67662.923	66643.089	65271.98	63569.608	61548.189	59250.241	56744.915	54104.048	51382.801	48635.21
"Botswana"	72	2435.416	2579.881	2697.431	2800.841	2889.741	2959.41	3004.849	3022.496	3012.774	2978.482	2923.887	2852.697	2767.943	2671.462	2565.052	2450.455	2330.353
"Lesotho"	426	2233.905	2309.914	2371.019	2432.592	2493.435	2548.568	2593.906	2622.612	2629.863	2616.335	2584	2534.992	2471.973	2397.106	2312.164	2218.417	2117.921
"Namibia"	516	2704.42	2928.85	3135.207	3332.512	3517.69	3684.844	3827.418	3940.864	4024.951	4079.729	4105.029	4100.016	4065.135	4002.656	3915.831	3807.706	3681.275
"South Africa"	710	56089.573	56927.962	57355.052	57666.497	57817.87	57712.464	57288.641	56508.952	55406.04	54036.404	52414.826	50548.361	48472.706	46248.855	43939.96	41593.387	39253.984
"Swaziland"	748	1351.942	1400.025	1436.879	1472.72	1506.935	1536.366	1557.017	1567.999	1569.461	1561.03	1541.866	1512.123	1472.484	1424.836	1371.041	1312.836	1251.677
"Western Africa"	914	399692.788	448204.058	499176.982	553724.112	610686.283	668388.057	725462.613	781117.531	834812.756	885883.543	933657.826	977162.019	1015428.894	1047695.023	1073896.168	1093813.879	1107887.364
"Benin"	204	12257.848	13645.268	15031.924	16437.342	17817.097	19124.385	20324.926	21405.207	22359.288	23175.081	23831.467	24308.385	24597.942	24703.802	24640.476	24429.798	24100.446
"Burkina Faso"	854	20695.169	23428.685	26315.678	29389.358	32558.921	35713.559	38770.072	41704.335	44491.19	47090.451	49449.639	51521.202	53240.231	54603.601	55595.586	56252.713	56571.925
"Cabo Verde"	132	546.752	568.651	586.336	601.54	613.2	620.176	621.776	618.009	609.298	595.833	577.506	554.489	527.685	498.463	468.009	437.373	406.903
"Cote d'Ivoire"	384	25353.234	28118.011	30998.54	34075.306	37306.835	40624.267	43979.891	47351.052	50700.87	53964.464	57091.977	60035.769	62758.425	65194.224	67312.878	69074.594	70447.941
"Gambia"	270	2306.91	2644.508	3001.561	3380.886	3771.111	4159.391	4533.042	4884.571	5208.357	5499.491	5754.351	5967.945	6133.432	6248.752	6312.116	6325.596	6295.748
"Ghana"	288	30265.279	32953.16	35511.259	38065.829	40574.136	42934.376	45031.509	46802.568	48249.945	49413.648	50301.139	50880.646	51120.102	51013.104	50582.1	49902.817	49030.363
"Guinea"	324	14237.737	15913.442	17631.411	19419.316	21235.761	23039.788	24792.32	26457.421	28009.608	29434.823	30696.094	31768.843	32640.164	33303.536	33750.104	33983.167	34024.864
"Guinea-Bissau"	624	2051.417	2253.857	2451.388	2652.031	2851.184	3042.304	3217.334	3371.9	3505.411	3617.962	3708.172	3774.374	3813.861	3826.546	3813.917	3778.133	3722.989
"Liberia"	430	5048.491	5607.563	6181.393	6777.015	7372.891	7949.861	8489.93	8990.798	9450.257	9864.08	10219.411	10508.989	10723.967	10861.873	10927.008	10924.44	10862.37
"Mali"	466	20304.284	23259.125	26489.84	30018.181	33735.495	37525.916	41280.72	44960.605	48522.782	51909.599	55069.613	57938.149	60448.245	62539.065	64205.081	65414.531	66209.876
"Mauritania"	478	4536.527	5004.105	5470.409	5945.41	6415.834	6866.807	7286.724	7670.039	8015.295	8320.856	8581.887	8792.561	8946.691	9041.39	9079.031	9066.832	9011.958
"Niger"	562	24147.065	29144.819	34946.415	41661.52	49258.565	57637.472	66672.952	76213.561	86125.913	96252.527	106413.311	116407.723	126048.131	135127.36	143522.251	151074.794	157665.342
"Nigeria"	566	205275.305	229183.379	254183.884	280813.331	308443.996	336177.124	363370.435	389684.221	414883.082	438620.806	460661.447	480551.88	497820.375	512101.78	523491.481	531849.629	537587.148
"Senegal"	686	17342.011	19624.307	22004.267	24566.366	27283.211	30076.961	32869.874	35598.422	38239.383	40801.187	43270.931	45608.411	47765.871	49693.076	51359.615	52737.844	53815.057
"Sierra Leone"	694	7098.835	7701.179	8267.629	8816.544	9325.151	9772.497	10144.052	10432.201	10636.703	10754.363	10783.649	10718.625	10561.677	10322.206	10014.203	9656.4	9259.653
"Togo"	768	8221.904	9149.94	10100.989	11100.123	12118.969	13119.362	14073.377	14969.081	15801.978	16565.118	17244.119	17821.055	18279.275	18613.599	18819.856	18902.958	18872.698
"Asia"	935	4555906.773	4666024.215	4732662.367	4773200.882	4784054.756	4759866.744	4698177.807	4602000.18	4476472.607	4329045.504	4165215.587	3986567.139	3795510.772	3596224.074	3395043.843	3196493.718	3001673.32
"Eastern Asia"	906	1625449.867	1617190.863	1594008.957	1562666.97	1523154.758	1474507.805	1416644.579	1350249.504	1276996.918	1201465.307	1126482.068	1052375.512	978960.548	907335.471	839880.888	778454.198	721756.333
"China"	156	1390474.96	1385586.754	1367291.896	1341707.923	1308925.266	1267824.223	1218250.631	1160888.776	1097308.652	1031771.969	966756.436	902267.404	837942.467	774963.828	715716.555	662099.137	612730.58
"China, Hong Kong SAR"	344	7487.259	7610.211	7666.724	7673.116	7628.453	7549.417	7440.2	7285.144	7089.89	6873.383	6651.829	6432.561	6221.505	6023.806	5840.372	5662.898	5496.471
"China, Macao SAR"	446	626.868	661.863	691.285	715.54	734.808	749.902	761.797	769.965	774.432	775.308	772.743	766.965	758.677	749.55	741.611	735.356	729.486
"Dem. People's Rep. of Korea"	408	25533.962	25692.139	25645.444	25452.23	25109.366	24611.873	23951.678	23164.539	22323.092	21469.559	20615.247	19729.093	18796.106	17832.91	16866.82	15911.132	14982.241
"Japan"	392	124172.884	120695.287	116482.545	111987.157	107310.539	102593.554	97878.558	93112.533	88143.598	82986.058	77820.711	72939.208	68493.256	64360.416	60456.117	56737.759	53168.456
"Mongolia"	496	3147.169	3283.021	3378.308	3454.858	3517.558	3566.245	3597.991	3608.12	3588.419	3543.358	3482.552	3410.816	3329.54	3235.407	3130.376	3024.477	2919.225
"Republic of Korea"	410	50820.008	50895.597	50633.677	50090.319	49123.522	47760.546	46022.998	43928.8	41591.159	39191.045	36822.392	34526.419	32314.886	30184.09	28169.517	26263.266	24537.047
"China, Taiwan Province of China"	158	23186.757	22765.991	22219.078	21585.827	20805.246	19852.045	18740.726	17491.627	16177.676	14854.627	13560.158	12303.046	11104.111	9985.464	8959.52	8020.173	7192.827
"South-Central Asia"	921	1992581.474	2073176.386	2133822.931	2182092.59	2215074.626	2229640.704	2224224.978	2200960.747	2162088.821	2109209.938	2044027.925	1967338.748	1881389.507	1788696.297	1692242.507	1593569.878	1494063.56
"Central Asia"	5500	71151.296	73854.997	75628.166	77000.073	78049.883	78620.34	78497.581	77640.018	76165.834	74243.279	72005.504	69507.88	66796.463	63899.646	60872.58	57739.843	54557.511
"Kazakhstan"	398	18440.133	18976.23	19302.774	19554.63	19769.838	19931.437	19992.662	19910.67	19685.964	19356.439	18971.51	18554.636	18114.476	17627.675	17070.77	16431.394	15738.578
"Kyrgyzstan"	417	6321.645	6606.963	6815.953	6997.221	7152.008	7261.237	7311.297	7299.713	7231.947	7118.821	6969.208	6787.965	6582.195	6353.697	6104.325	5828.715	5528.799
"Tajikistan"	762	9326.307	10053.148	10660.547	11226.493	11782.799	12298.043	12705.07	12982.571	13152.581	13245.055	13269.138	13212.83	13066.485	12841.251	12550.486	12210.419	11826.644
"Turkmenistan"	795	5625.873	5797.726	5891.063	5934.022	5931.219	5881.149	5775.283	5614.518	5406.581	5163.479	4896.187	4613.946	4325.149	4034.639	3750.378	3475.643	3215.648
"Uzbekistan"	860	31437.338	32420.93	32957.829	33287.707	33414.019	33248.474	32713.269	31832.546	30688.761	29359.485	27899.461	26338.503	24708.158	23042.384	21396.621	19793.672	18247.842
"Southern Asia"	5501	1921430.178	1999321.389	2058194.765	2105092.517	2137024.743	2151020.364	2145727.397	2123320.729	2085922.987	2034966.659	1972022.421	1897830.868	1814593.044	1724796.651	1631369.927	1535830.035	1439506.049
"Afghanistan"	4	36145.968	39334.449	42164.959	44745.948	46947.385	48666.856	49828.462	50431.985	50511.862	50086.003	49161.975	47749.009	45876.116	43632.031	41128.025	38489.716	35833.655
"Bangladesh"	50	168659.341	174300.843	178010.116	180336.343	181020.609	179923.776	177041.808	172608.484	166841.194	159880.398	151950.964	143219.811	133880.219	124208.939	114380.102	104679.275	95304.125
"Bhutan"	64	808.84	832.427	846.33	854.258	856.113	851.56	839.833	820.848	794.962	763.2	726.259	685.692	642.564	598.449	554.724	512.402	471.87
"India"	356	1375626.998	1426453.674	1464395.114	1493755.199	1511966.216	1517202.157	1509385.456	1490757.01	1462788.024	1426109.128	1381585.008	1329428.947	1271240.053	1208626.44	1143845.306	1077702.874	1010895.829
"Iran (Islamic Republic of)"	364	82440.638	84171.399	84711.361	84740.155	84410.83	83573.133	81902.893	79188.026	75499.619	71074.305	66236.466	61299.558	56520.52	52042.447	47857.799	43849.21	39952.436
"Maldives"	462	388.514	405.944	417.228	425.813	432.777	437.411	437.891	433.364	424.1	411.031	394.924	376.023	354.56	331.479	308.256	285.894	264.256
"Nepal"	524	29846.129	30847.28	31492.431	31890.819	32013.49	31875.321	31477.838	30838.982	29964.308	28858.092	27523.889	25964.07	24201.324	22288.227	20269.497	18231.978	16261.474
"Pakistan"	586	206547.273	222043.79	235469.724	248011.453	259511.425	269237.694	276348.545	280701.9	282570.884	282307.021	280031.658	275773.417	269636.688	261936.317	253010.233	243168.895	232678.836
"Sri Lanka"	144	20966.477	20931.583	20687.502	20332.529	19865.898	19252.456	18464.671	17540.13	16528.034	15477.481	14411.278	13334.341	12241	11132.322	10015.985	8909.791	7843.568
"South-Eastern Asia"	920	661289.955	681648.69	695541.872	705265.848	710093.579	709352.504	702799.998	690870.858	674628.429	655015.75	632757.486	608164.561	581490.485	553166.37	523990.791	494890.791	466566.967
"Brunei Darussalam"	96	446.035	463.363	475.974	485.315	491.257	493.032	489.853	481.658	469.04	452.939	434.322	413.966	392.71	371.066	349.42	328.018	307.099
"Cambodia"	116	16579.651	17410.839	18073.606	18650.257	19138.293	19494.85	19676.599	19685.9	19542.413	19267.922	18854.301	18305.093	17629.278	16861.231	16039.503	15172.449	14275.303
"Indonesia"	360	269317.173	277828.962	283536.978	287432.7	289126.526	288353.477	285079.329	279606.519	272478.503	264113.176	254834.933	244783.579	234028.128	222561.417	210638.774	198705.73	187207.653
"Lao People's Dem. Republic"	418	7320.528	7756.653	8109.471	8412.91	8661.762	8838.753	8929.777	8939.929	8872.713	8734.445	8525.904	8248.894	7909.237	7522.832	7103.197	6667.548	6217.111
"Malaysia"	458	32033.536	33422.172	34480.994	35294.132	35842.094	36131.333	36181.454	35977.228	35517.749	34815.208	33879.653	32737.53	31434.113	30033.062	28596.764	27166.31	25760.622
"Myanmar"	104	55717.743	56975.389	57712.863	58073.298	57960.086	57327.469	56190.284	54628.897	52728.882	50582.925	48252.716	45754.728	43111.012	40383.609	37705.601	35167.195	32833.831
"Philippines"	608	107423.694	113413.298	118554.365	123078.452	126788.895	129555.68	131356.582	132144.819	132003.011	130960.893	129098.665	126460.381	123079.103	119113.717	114706.047	110002.131	105080.572
"Singapore"	702	5956.843	6102.512	6194.01	6242.085	6242.372	6192.38	6092.007	5941.445	5753.927	5545.614	5325.781	5096.101	4860.535	4621.033	4379.743	4137.085	3899.461
"Thailand"	764	68008.306	67201.721	65803.755	64031.314	61828.49	59169.178	56073.871	52643.745	49054.303	45471.898	42000.812	38652.127	35437.598	32342.386	29378.56	26578.813	23999.067
"Timor-Leste"	626	1304.63	1417.731	1523.898	1630.466	1740.356	1850.025	1949.334	2034.31	2104.791	2163.288	2210.628	2243.972	2260.137	2258.458	2239.279	2204.039	2154.528
"Viet Nam"	704	97181.816	99656.05	101075.958	101934.919	102273.448	101946.327	100780.908	98786.408	96103.097	92907.442	89339.771	85468.19	81348.634	77097.559	72853.903	68761.473	64831.72
"Western Asia"	922	276585.477	294008.276	309288.607	323175.474	335731.793	346365.731	354508.252	359919.071	362758.439	363354.509	361948.108	358688.318	353670.232	347025.936	338929.657	329578.851	319286.46
"Armenia"	51	3006.823	2954.092	2872.38	2777.289	2671.519	2552.955	2418.69	2272.974	2121.431	1965.922	1806.288	1643.405	1482.74	1330.699	1191.466	1065.092	948.347
"Azerbaijan"	31	10143.133	10315.217	10340.155	10305.013	10206.099	10017.93	9737.005	9392.474	9004.539	8586.812	8145.929	7691.867	7239.882	6809.289	6400.254	6003.481	5609.982
"Bahrain"	48	1474.367	1540.224	1587.819	1626.873	1655.41	1665.554	1661.083	1641.363	1607.792	1562.124	1506.645	1443.072	1373.309	1299.699	1224.685	1150.374	1078.097
"Cyprus"	196	1206.876	1232.551	1249.579	1261.507	1268.489	1270.123	1264.966	1251.487	1230.481	1203.182	1170.028	1132.041	1090.857	1048.251	1006.745	966.436	928.299
"Georgia"	268	3942.227	3849.573	3728.908	3590.182	3441.26	3286.627	3117.908	2932.089	2735.413	2534.885	2337.066	2146.217	1963.288	1790.373	1629.249	1479.084	1336.757
"Iraq"	368	41609.902	46770.367	52092.255	57772.768	63633.848	69500.5	75210.108	80680.742	85905.096	90873.064	95506.307	99703.148	103387.021	106504.619	109029.755	110940.302	112231.514
"Israel"	376	8648.088	9172.152	9656.42	10136.537	10606.096	11052.872	11452.713	11784.25	12046.058	12247.726	12399.804	12505.077	12561.854	12563.767	12502.815	12378.874	12194.791
"Jordan"	400	8091.205	8346.07	8743.602	9264.534	9749.211	10164.905	10477.607	10678.951	10783.912	10814.484	10783.662	10692.832	10536.225	10312.398	10024.801	9682.249	9290.665
"Kuwait"	414	4270.765	4555.648	4786.206	4967.776	5124.332	5245.996	5325.075	5349.476	5321.351	5250.624	5149.696	5032.264	4906.279	4772.736	4630.886	4480.026	4318.328
"Lebanon"	422	5825.741	5243.2	5021.207	5067.879	5071.461	5036.061	4964.217	4858.2	4722.607	4556.341	4357.41	4124.969	3862.675	3583.071	3302.865	3037.44	2795.851
"Oman"	512	4775.65	4954.153	5058.97	5123.202	5171.167	5224.921	5296.713	5316.978	5277.928	5184.883	5050.464	4886.835	4702.46	4503.935	4296.202	4080.023	3857.397
"Qatar"	634	2434.979	2593.338	2698.535	2782.436	2854.586	2912.409	2953.314	2972.3	2968.411	2942.385	2894.951	2825.835	2733.754	2623.103	2502.371	2381.035	2267.437
"Saudi Arabia"	682	34075.777	36066.986	37706.474	39120.744	40281.749	41100.234	41498.608	41470.784	41067.907	40404.144	39554.495	38559.796	37415.248	36109.406	34636.188	33028.317	31345.195
"State of Palestine"	275	5284.536	5901.742	6502.143	7101.933	7692.839	8259.381	8784.601	9257.865	9674.758	10031.044	10321.609	10541.077	10686.025	10758.22	10760.573	10694.366	10567.281
"Syrian Arab Republic"	760	20807.786	25001.906	27550.183	28744.482	29759.422	30558.164	31101.563	31367.666	31357.304	31090.627	30608.067	29933.961	29087.84	28080.279	26929.966	25659.245	24299.325
"Turkey"	792	81475.507	82833.337	84134.151	85321.907	86005.7	86082.642	85441.091	84106.127	82152.879	79679.283	76784.62	73539.41	70014.862	66273.897	62375.722	58384.565	54416.829
"United Arab Emirates"	784	9753.533	10257.594	10664.472	11039.979	11370.599	11622.37	11778.285	11836.796	11816.496	11732.734	11587.418	11369.695	11077.029	10718.63	10341.442	9971.861	9630.308
"Yemen"	887	29758.582	32420.126	34895.148	37170.433	39168.006	40812.087	42024.705	42748.549	42964.076	42694.245	41983.649	40916.817	39548.884	37943.564	36143.672	34196.081	32170.057
"Europe"	908	733773.206	723250.542	708756.166	692905.092	676009.171	657879.326	637734.819	615191.373	590984.698	566367.975	542485.46	519701.914	497929.289	476943.032	456364.997	435957.043	415760.069
"Eastern Europe"	923	287268.898	278814.119	268542.257	257654.293	246722.745	235907.453	224896.48	213439.633	201625.813	189751.022	178242.683	167471.367	157643.5	148697.982	140300.632	132179.967	124297.535
"Belarus"	112	9281.723	8993.716	8649.997	8293.189	7939.837	7591.523	7238.128	6873.497	6503.671	6139.491	5792.667	5465.553	5162.687	4884.433	4624.331	4373.705	4126.77
"Bulgaria"	100	6832.744	6478.156	6094.481	5708.1	5333.402	4974.689	4620.076	4261.545	3902.609	3555.989	3233.428	2941.229	2680.164	2445.618	2229.984	2025.319	1831.131
"Czech Republic"	203	10487.357	10339.538	10112.221	9847.8	9577.213	9310.832	9028.737	8707.387	8341.914	7943.992	7542.45	7163.055	6821.083	6511.171	6218.739	5935.474	5653.526
"Hungary"	348	9603.825	9291.921	8937.213	8566.706	8194.322	7826.748	7457.879	7075.159	6673.609	6262.134	5862.516	5487.775	5141.104	4817.255	4509.791	4217.289	3939.937
"Poland"	616	38063.868	37093.095	35847.254	34459.149	32974.813	31412.622	29764.377	28033.305	26230.029	24356.519	22434.369	20517.725	18690.732	17011.673	15498.161	14126.135	12862.913
"Republic of Moldova"	498	3980.035	3846.349	3679.567	3493.869	3292.366	3081.312	2861.93	2633.911	2398.755	2159.117	1922.343	1697.606	1494.244	1316.18	1162.115	1026.798	906.904
"Romania"	642	18708.072	17888.635	17064.208	16239.928	15407.29	14551.956	13662.776	12737.222	11799.641	10894.738	10061.765	9305.263	8609.552	7950.907	7317.27	6705.395	6124.809
"Russian Federation"	643	141621.613	138118.485	133585.366	128733.765	123938.087	119301.055	114618.48	109741.075	104693.071	99619.436	94723.244	90179.643	86080.185	82365.196	78801.358	75215.917	71618.188
"Slovakia"	703	5386.447	5294.604	5155.646	4986.7	4798.584	4601	4393.783	4171.534	3932.467	3681.748	3428.78	3185.662	2960.855	2756.704	2569.107	2394.128	2228.247
"Ukraine"	804	43303.214	41469.62	39416.304	37325.087	35266.831	33255.716	31250.314	29204.998	27150.047	25137.858	23241.121	21527.856	20002.894	18638.845	17369.776	16159.807	15005.11
"Northern Europe"	924	104373.824	105675.406	106337.379	106709.141	106881.994	106834.684	106412.336	105478.218	104122.4	102536.952	100858.882	99069.346	97058.288	94790.499	92325.298	89734.549	87040.618
"Channel Islands"	830	166.205	167.681	168.275	168.372	167.808	166.464	164.294	161.255	157.731	154.029	150.302	146.511	142.567	138.443	134.149	129.718	125.228
"Denmark"	208	5732.408	5775.278	5792.363	5792.258	5775.018	5741.732	5692.701	5625.59	5545.675	5460.956	5374.686	5282.553	5175.902	5049.69	4905.06	4751.912	4599.26
"Estonia"	233	1284.597	1246.342	1200.605	1153.542	1107.864	1062.596	1015.126	964.518	911.706	858.17	805.55	754.784	706.846	661.843	620.124	580.635	541.976
"Finland"	246	5543.16	5547.417	5517.129	5463.797	5389.887	5304.517	5212.135	5111.289	5004.362	4894.828	4781.71	4660.115	4525.739	4383.051	4233.858	4081.533	3928.349
"Iceland"	352	339.296	346.567	351.268	354.097	355.082	354.19	351.103	345.885	339.055	331.263	322.729	313.351	302.896	291.428	279.244	266.679	254.142
"Ireland"	372	4834.48	4949.835	5032.174	5109.582	5181.102	5233.096	5249.453	5222.785	5160.681	5078.646	4988.217	4893.943	4798.891	4700.909	4593.766	4470.163	4327.76
"Latvia"	428	1903.205	1825.977	1741.94	1659.398	1580.767	1503.854	1426.205	1347.641	1269.383	1192.695	1118.904	1048.742	982.938	922.243	866.14	812.707	760.595
"Lithuania"	440	2772.497	2666.914	2557.16	2446.501	2337.121	2229.799	2122.532	2015.272	1910.455	1809.441	1712.426	1618.566	1527.29	1439.161	1355.535	1276.69	1201.921
"Norway"	578	5449.603	5607.439	5735.767	5842.086	5925.835	5990.933	6036.342	6053.671	6045.138	6018.197	5979.927	5930.617	5864.199	5778.238	5675.84	5562.317	5440.903
"Sweden"	752	10041.674	10256.412	10403.26	10511.215	10605.352	10700.259	10784.708	10831.473	10835.319	10809.442	10771.684	10721.868	10645.508	10534.723	10397.027	10241.77	10074.422
"United Kingdom"	826	66168.052	67145.085	67695.777	68065.655	68313.058	68404.413	68216.11	67659.024	66805.244	65793.922	64719.738	63567.778	62257.795	60766.333	59143.852	57443.796	55673.665
"Southern Europe"	925	150658.927	147954.96	144654.274	141309.876	137707.029	133673.851	129024.599	123665.593	117773.646	111704.018	105842.197	100391.111	95424.132	90825.24	86372.12	81951.738	77589.862
"Albania"	8	2907.196	2887.986	2833.598	2753.218	2652.292	2536.836	2409.691	2275.497	2135.191	1990.368	1841.335	1685.253	1520.215	1349.621	1182.474	1029.295	894.366
"Bosnia and Herzegovina"	70	3725.879	3601.878	3454.294	3294.011	3123.392	2944.809	2758.141	2565.776	2371.537	2180.064	1991.888	1809.033	1635.187	1473.329	1326.525	1194.552	1076.537
"Croatia"	191	4129.991	3991.385	3838.77	3684.638	3527.445	3366.158	3197.971	3021.659	2841.347	2661.532	2485.209	2314.108	2149.805	1992.189	1840.48	1696.02	1560.707
"Greece"	300	10742.308	10452.395	10133.178	9817.984	9502.41	9169.718	8795.892	8366.609	7895.957	7412.935	6943.538	6504.173	6100.515	5726.011	5371.628	5023.944	4689.24
"Italy"	380	59327.799	58449.012	57304.724	56089.602	54778.035	53297.782	51580.69	49612.98	47466.09	45277.008	43211.212	41332.353	39640.655	38055.588	36479.946	34892.585	33315.197
"Malta"	470	419.792	417.728	412.857	405.327	395.543	384.055	371.525	358.208	344.213	329.703	314.249	298.207	281.993	265.979	250.32	235.381	221.704
"Montenegro"	499	620.607	609.612	594.68	577.862	558.473	536.672	512.668	487.138	460.734	433.86	406.843	379.809	352.892	326.327	300.218	275.031	251.58
"Portugal"	620	10082.35	9797.786	9514.917	9250.463	8983.665	8689.803	8358.47	7984.322	7583.44	7176.256	6784.14	6416.785	6078.833	5762.981	5452.879	5142.185	4837.519
"Serbia"	688	8604.085	8308.802	7978.655	7635.616	7280.034	6916.61	6545.816	6165.45	5776.959	5390.467	5012.792	4645.34	4287.071	3937.916	3602.541	3287.134	2996.26
"Slovenia"	705	2059.151	2031.235	1989.621	1941.594	1889.224	1831.833	1766.819	1693.585	1614.98	1535.247	1457.935	1385.668	1319.138	1258.869	1203.165	1149.585	1096.147
"Spain"	724	45835.477	45230.144	44466.382	43781.62	43002.987	42059.094	40867.743	39364.037	37607.586	35739.015	33914.276	32239.788	30773.219	29483.984	28256.893	27003.185	25704.072
"TFYR Macedonia"	807	2069.814	2042.636	1998.955	1945.262	1882.263	1811.4	1733.356	1648.898	1559.284	1466.639	1373.174	1280.044	1188.797	1100.985	1017.706	939.574	867.345
"Western Europe"	926	191471.557	190806.057	189222.256	187231.782	184697.403	181463.338	177401.404	172607.929	167462.839	162375.983	157541.698	152770.09	147803.369	142629.311	137366.947	132090.789	126832.054
"Austria"	40	8587.403	8587.459	8540.454	8461.729	8352.385	8214.609	8038.007	7814.905	7561.623	7302.398	7051.072	6804.817	6555.437	6301.049	6050.433	5806.884	5575.924
"Belgium"	56	11545.318	11607.811	11619.909	11609.019	11570.043	11490.455	11359.256	11173.291	10951.314	10717.969	10486.859	10250.912	10001.713	9737.045	9461.201	9173.677	8878.545
"France"	250	65233.854	65636.518	65772.904	65814.219	65656.582	65210.233	64443.262	63433.761	62278.58	61075.954	59874.667	58643.27	57311.113	55836.032	54235.957	52529.949	50720.386
"Germany"	276	79785.957	78411.066	76639.471	74717.392	72628.076	70313.581	67688.812	64783.891	61810.693	58969.16	56345.643	53812.611	51242.274	48678.071	46200.76	43845.136	41613.431
"Luxembourg"	442	599.855	630.004	652.948	675.031	695.429	713.615	729.057	740.344	748.056	753.304	756.844	758.814	758.61	756.061	751.413	744.501	735.707
"Netherlands"	528	17058.652	17086.953	17016.082	16873.123	16644.52	16329.592	15942.56	15501.866	15036.749	14587.301	14168.589	13759.052	13324.768	12856.981	12359.103	11847.032	11337.405
"Switzerland"	756	8583.804	8768.406	8901.843	9002.066	9070.968	9111.898	9121.283	9081.094	8997.587	8892.229	8780.838	8663.847	8533.146	8388.431	8233.372	8070.067	7898.432
"Latin America and the Caribbean"	904	660099.901	678797.34	691312.184	699903.099	703879.034	702716.461	696203.984	684636.608	668510.254	648406.424	624815.594	598147.844	568874.327	537577.671	505050.643	472035.439	439357.286
"Caribbean"	915	44149.032	44681.198	44853.023	44789.495	44426.901	43726.597	42664.114	41283.619	39652.744	37843.427	35920.96	33911.523	31833.785	29685.739	27508.55	25364.314	23287.791
"Antigua and Barbuda"	28	95.499	98.448	100.6	102.136	102.909	102.778	101.725	99.919	97.638	95.132	92.499	89.593	86.258	82.488	78.408	74.217	70.051
"Aruba"	533	104.601	104.329	103.19	101.316	98.555	94.94	90.785	86.521	82.468	78.661	74.974	71.199	67.187	62.906	58.516	54.261	50.34
"Bahamas"	44	405.691	418.902	427.937	434.167	437.7	438.85	437.567	433.409	426.848	418.568	408.74	397.425	384.586	370.424	355.609	340.622	325.756
"Barbados"	52	285.325	283.784	280.03	274.958	268.645	261.18	252.559	243.237	233.749	224.484	215.439	206.516	197.44	188.19	178.833	169.39	160.121
"Cuba"	192	11278.758	11100.764	10864.037	10582.863	10239.78	9828.456	9342.189	8790.376	8199.308	7601.447	7034.555	6508.425	6013.638	5525.958	5049.428	4601.403	4185.803
"Curacao"	531	162.476	166.331	168.797	170.352	171.092	171.114	170.476	169.133	167.343	165.362	163.224	160.719	157.596	153.758	149.342	144.607	139.713
"Dominican Republic"	214	10997.436	11337.609	11569.49	11734.224	11802.95	11766.69	11623.26	11391.723	11085.618	10715.756	10291.056	9813.158	9289.733	8727.896	8138.718	7536.133	6929.154
"Grenada"	308	108.209	108.378	107.236	105.609	103.408	100.452	96.505	91.68	86.133	80.044	73.522	66.657	59.674	52.785	46.152	39.837	33.842
"Guadeloupe"	312	474.081	475.945	475.313	473.373	469.371	462.024	450.408	435.106	417.832	400.222	383.364	367.13	350.889	334.103	316.196	297.336	277.687
"Haiti"	332	11269.435	11712.225	12047.569	12311.871	12491.126	12565.17	12520.873	12365.116	12109.75	11767.18	11345.639	10857.254	10322.261	9750.328	9157.648	8562.324	7974.526
"Jamaica"	388	2810.867	2793.28	2742.23	2674.952	2591.026	2491.223	2375.696	2244.275	2099.808	1945.495	1783.381	1614.445	1440.229	1265.107	1094.632	934.573	787.642
"Martinique"	474	391.993	386.169	377.996	367.974	355.486	340.186	322.481	303.896	285.828	269.445	255.326	242.935	230.833	218.008	203.864	189.23	174.757
"Puerto Rico"	630	3642.242	3577.694	3497.242	3400.807	3286.313	3152.849	2999.701	2831.271	2652.165	2466.483	2277.609	2086.705	1894.769	1704.238	1519.11	1343.261	1181.965
"Saint Lucia"	662	189.917	192.656	193.51	193.126	191.397	188.235	183.609	177.65	170.637	162.893	154.606	145.813	136.548	126.95	117.259	107.685	98.568
"St. Vincent and the Grenadines"	670	109.666	108.855	107.266	105.352	103.063	99.88	95.8	91.089	85.94	80.502	74.832	68.972	62.96	56.912	50.954	45.216	39.797
"Trinidad and Tobago"	780	1365.128	1349.306	1319.789	1284.499	1244.301	1198.277	1144.962	1085.137	1020.713	954.703	889.506	826.77	767.121	710.361	655.93	604.059	555.593
"United States Virgin Islands"	850	106.239	104.92	102.599	99.585	95.836	91.398	86.449	81.33	76.24	71.283	66.491	61.818	57.147	52.404	47.583	42.669	37.836
"Central America"	916	181998.902	189275.353	194725.348	198970.752	201804.34	203052.121	202633.947	200618.155	197117.177	192261.534	186161.539	178963.925	170766.929	161706.177	152036.307	142039.613	132000.621
"Belize"	84	393.66	424.334	450.441	473.389	492.538	507.665	518.54	524.936	526.941	524.861	518.8	509.075	496.144	480.78	463.774	445.867	427.466
"Costa Rica"	188	4995.434	5121.092	5195.397	5237.683	5245.559	5215.708	5144.908	5033.4	4887.751	4715.326	4520.568	4305.097	4068.968	3819.452	3566.147	3317.652	3080.26
"El Salvador"	222	6162.305	6151.656	6100.592	6031.92	5918.902	5760.511	5557.573	5317.941	5046.282	4745.873	4419.247	4066.707	3690.448	3297.024	2900.362	2515.812	2158.19
"Guatemala"	320	17836.046	19226.795	20507.816	21728.14	22836.466	23795.4	24577.793	25173.828	25578.728	25794.54	25819.594	25656.054	25311.597	24788.341	24110.566	23301.456	22389.948
"Honduras"	340	8558.927	8965.544	9291.919	9560.197	9751.18	9858.794	9882.932	9826.27	9692.92	9485.01	9203.023	8850.811	8436.146	7970.238	7468.246	6952.542	6441.512
"Mexico"	484	133509.96	138412.896	141865.066	144339.856	145755.817	145998.967	145024.474	142895.255	139708.216	135571.035	130586.277	124886.265	118541.162	111645.308	104374.652	96927.529	89505.106
"Nicaragua"	558	6350.761	6560.618	6722.811	6857.924	6941.902	6969.836	6938.649	6852.255	6711.554	6520.523	6278.439	5988.873	5658.699	5299.201	4922.746	4539.448	4158.315
"Panama"	591	4191.809	4412.418	4591.306	4741.643	4861.976	4945.24	4989.078	4994.27	4964.785	4904.366	4815.591	4701.043	4563.765	4405.833	4229.814	4039.307	3839.824
"South America"	931	433951.967	444840.789	451733.813	456142.852	457647.793	455937.743	450905.923	442734.834	431740.333	418301.463	402733.095	385272.396	366273.613	346185.755	325505.786	304631.512	284068.874
"Argentina"	32	45109.069	46424.76	47438.315	48285.975	48925.53	49321.488	49440.858	49259.84	48784.105	48023.087	47006.862	45769.592	44344.02	42753.76	41025.349	39191.357	37290.988
"Bolivia (Plurinational State of)"	68	11440.625	12077.966	12640.257	13156.58	13596.325	13941.307	14179.848	14311.687	14341.481	14269.857	14101.608	13840.517	13494.139	13075.204	12595.988	12065.381	11501.377
"Brazil"	76	213914.238	217587.53	219251.315	219631.795	218561.785	215929.61	211727.711	206078.19	199125.135	191049.995	182041.782	172236.32	161892.855	151258.194	140608.028	130081.065	119935.917
"Chile"	152	18675.047	19204.21	19489.527	19671.214	19735.151	19665.012	19452.118	19097.884	18625.824	18065.83	17438.498	16754.686	16008.612	15207.91	14372.249	13542.996	12737.72
"Colombia"	170	49739.5	50609.361	50949.594	50959.283	50600.385	49843.184	48686.734	47194.656	45421.545	43442.719	41290.051	38984.05	36543.459	34028.212	31498.437	29006.602	26618.78
"Ecuador"	218	17172.819	18041.41	18764.247	19393.321	19896.731	20250.348	20447.2	20488.877	20390.673	20161.313	19806.796	19328.348	18737.622	18040.869	17260.721	16421.434	15539.423
"French Guiana"	254	301.639	334.253	366.974	400.469	433.737	465.631	495.246	521.914	545.979	567.786	587.339	604.442	618.549	629.181	636.033	638.957	638.383
"Guyana"	328	779.234	786.828	784.754	774.654	755.838	730.138	699.933	667.328	632.639	595.268	554.315	509.25	461.36	412.761	365.98	322.763	283.057
"Paraguay"	600	6996.683	7285.705	7506.819	7683.621	7802.417	7858.979	7851.288	7783.504	7658.131	7477.471	7242.891	6958.59	6633.748	6282.002	5916.998	5550.178	5187.67
"Peru"	604	33001.415	34318.818	35364.016	36221.175	36859.897	37237.586	37323.864	37116.19	36637.746	35924.119	34995.822	33866.301	32551.746	31091.809	29516.423	27866.08	26181.544
"Suriname"	740	559.706	570.164	574.945	575.961	572.583	564.501	551.88	535.637	516.71	495.882	473.208	449.048	423.611	397.3	370.522	343.874	317.91
"Uruguay"	858	3464.82	3471.745	3457.873	3432.71	3393.759	3338.403	3265.466	3176.13	3072.693	2957.668	2832.513	2698.598	2556.947	2409.288	2257.654	2105.981	1958.928
"Venezuela (Bolivarian Republic of)"	862	32794.262	34125.15	35142.335	35953.309	36510.931	36788.896	36781.19	36500.491	35985.256	35268.146	34359.183	33270.515	32004.894	30597.308	29079.541	27493.078	25875.509
"Northern America"	905	368259.474	376331.526	382147.865	386563.954	389606.513	391145.116	391183.083	389753.016	387492.756	384745.703	381378.73	377017.512	371343.916	364396.756	356507.573	348013.384	339142.436
"Canada"	124	37290.746	38257.239	38967.669	39492.973	39840.315	40035.133	40072.218	39925.788	39663.133	39342.705	38974.058	38518.683	37946.835	37266.795	36506.759	35697.156	34857.595
"United States of America"	840	330846.202	337953.365	343061.926	346956.06	349655.317	351003.781	351009.808	349731.452	347739.012	345317.327	342323.806	338422.769	333325.903	327063.726	319939.459	312259.587	304232.624
"Oceania"	909	41776.111	43840.813	45641.767	47289.358	48766.264	50056.309	51132.085	51928.06	52463.686	52777.359	52891.027	52792.29	52471.891	51910.511	51155.72	50247.866	49202.747
"Australia/New Zealand"	927	30074.691	31338.293	32390.408	33316.327	34132.022	34851.785	35464.709	35906.017	36188.885	36349.176	36408.934	36360.06	36191.354	35880.219	35457.641	34945.449	34345.245
"Australia"	36	25382.388	26514.748	27466.368	28315.874	29082.821	29780.301	30397.632	30872.194	31208.418	31432.137	31560.379	31588.502	31510.163	31310.409	31019.043	30653.021	30207.264
"New Zealand"	554	4692.303	4823.545	4924.04	5000.453	5049.201	5071.484	5067.077	5033.823	4980.467	4917.039	4848.555	4771.558	4681.191	4569.81	4438.598	4292.428	4137.981
"Melanesia"	928	10450.135	11223.299	11945.987	12643.447	13287.608	13850.81	14318.46	14687.759	14962.503	15142.989	15228.416	15215.344	15106.912	14906.457	14629.269	14291.594	13905.371
"Fiji"	242	907.046	909.094	901.648	888.486	868.823	841.947	808.079	769.709	727.4	682.248	635.162	586.956	538.16	489.227	440.443	391.93	344.844
"New Caledonia"	540	277.131	289.058	299.176	308.372	316.319	322.703	327.402	330.16	331.027	330.256	328.064	324.409	319.315	312.681	304.704	295.859	286.498
"Papua New Guinea"	598	8339.976	9026.075	9676.131	10307.866	10897.044	11420.769	11866.677	12229.717	12512.594	12713.588	12830.962	12861.244	12807.949	12674.114	12473.45	12220.214	11923.701
"Solomon Islands"	90	634.58	682.444	728.486	774.541	818.48	857.512	889.95	916.06	936.463	951.65	961.535	965.515	962.663	953.014	937.543	917.462	893.608
"Vanuatu"	548	291.402	316.628	340.546	364.182	386.942	407.879	426.352	442.113	455.019	465.247	472.693	477.22	478.825	477.421	473.129	466.129	456.72
"Micronesia"	954	547.709	566.511	583.298	597.718	608.863	615.767	617.53	614.711	608.32	599.267	588.049	574.535	558.276	539.096	517.247	493.629	469.414
"Guam"	316	178.791	186.373	192.512	197.54	201.148	203.186	203.704	202.871	201	198.283	194.833	190.58	185.381	179.167	172.053	164.304	156.191
"Kiribati"	296	121.356	129.373	136.277	142.567	148.758	154.863	160.176	164.311	167.205	169.082	170.265	170.893	170.764	169.654	167.516	164.523	161.026
"Micronesia (Fed. States of)"	583	106.805	109.632	112.581	114.56	115.359	115.175	114.177	112.531	110.035	106.466	101.733	96.064	89.826	83.397	77	70.767	64.745
"Polynesia"	957	703.576	712.71	722.074	731.866	737.771	737.947	731.386	719.573	703.978	685.927	665.628	642.351	615.349	584.739	551.563	517.194	482.717
"French Polynesia"	258	293.474	296.167	300.125	301.974	301.712	299.499	295.341	289.146	280.984	271.351	260.65	249.079	236.677	223.559	210.15	196.906	184.129
"Samoa"	882	197.667	200.716	203.104	208.131	212.632	215.363	215.546	213.909	211.296	208.321	204.912	200.51	194.548	186.954	177.976	168.018	157.503
"Tonga"	776	109.895	113.105	116.295	119.645	122.59	124.475	124.958	124.516	123.621	122.463	120.927	118.72	115.63	111.666	107.021	101.997	96.787
