"name"	"country_code"	"2015-2020"	"2020-2025"	"2025-2030"	"2030-2035"	"2035-2040"	"2040-2045"	"2045-2050"	"2050-2055"	"2055-2060"	"2060-2065"	"2065-2070"	"2070-2075"	"2075-2080"	"2080-2085"	"2085-2090"	"2090-2095"	"2095-2100"
"Afghanistan"	4	3.665	2.5878	1.9327	1.6296	1.4591	1.3232	1.2131	1.1227	1.0444	0.9854	0.9436	0.9113	0.8921	0.8759	0.8722	0.8906	0.8979
"Albania"	8	1.4463	1.2773	1.1398	1.0387	0.9707	0.93	0.9218	0.932	0.9529	0.9844	1.0156	1.0601	1.0964	1.1418	1.1764	1.2096	1.2371
"Algeria"	12	2.18	1.9068	1.707	1.5511	1.4187	1.3133	1.2338	1.1715	1.1323	1.1059	1.1006	1.1067	1.1304	1.1742	1.2131	1.2467	1.2868
"Angola"	24	5.339	4.5836	3.8454	3.1848	2.6559	2.2934	2.0412	1.8538	1.7107	1.5924	1.5165	1.4424	1.3825	1.3303	1.2926	1.2575	1.2328
"Antigua and Barbuda"	28	1.6924	1.5163	1.3853	1.2776	1.1957	1.1359	1.0955	1.0786	1.0804	1.0894	1.102	1.1213	1.1439	1.1714	1.2022	1.2229	1.246
"Argentina"	32	1.9151	1.7215	1.5736	1.4531	1.3553	1.2773	1.2144	1.168	1.1351	1.1177	1.1142	1.1155	1.1244	1.1362	1.1516	1.1671	1.182
"Armenia"	51	1.1984	1.0419	0.9308	0.8618	0.8235	0.8174	0.8437	0.8861	0.9458	0.9894	1.0324	1.069	1.1002	1.1281	1.1499	1.1722	1.1889
"Aruba"	533	1.3073	1.1457	1.0291	0.9448	0.8931	0.8761	0.8944	0.9337	0.9915	1.0482	1.0973	1.1379	1.1773	1.2049	1.2313	1.2519	1.2738
"Australia"	36	1.5329	1.3639	1.2338	1.137	1.0692	1.0252	1.0019	1.0108	1.0275	1.0543	1.0807	1.1135	1.1396	1.171	1.1913	1.2123	1.2334
"Austria"	40	1.3472	1.3247	1.3175	1.3109	1.3083	1.3065	1.3089	1.3117	1.3162	1.3131	1.3172	1.324	1.3271	1.327	1.3306	1.3317	1.3327
"Azerbaijan"	31	1.882	1.6853	1.5346	1.4219	1.3236	1.2502	1.2015	1.1627	1.1414	1.132	1.1371	1.1437	1.167	1.1982	1.2174	1.2439	1.2684
"Bahamas"	44	1.5038	1.3305	1.2017	1.0982	1.0268	0.9838	0.96	0.9561	0.9709	1.0033	1.0297	1.0588	1.0883	1.1134	1.1412	1.1642	1.1849
"Bahrain"	48	1.6358	1.4181	1.2475	1.1079	0.9989	0.9248	0.8697	0.8472	0.8337	0.8382	0.8608	0.8885	0.9256	0.9642	1.0014	1.0387	1.0751
"Bangladesh"	50	1.7176	1.4848	1.3033	1.1585	1.0385	0.9529	0.89	0.8531	0.8386	0.8396	0.8609	0.8881	0.9245	0.9672	1.01	1.0522	1.0906
"Barbados"	52	1.6301	1.5808	1.5525	1.5307	1.5136	1.5044	1.4942	1.4863	1.4801	1.4759	1.4729	1.4659	1.4606	1.4632	1.4566	1.4522	1.4512
"Belarus"	112	1.4612	1.4439	1.4381	1.4351	1.438	1.4418	1.4438	1.4467	1.4496	1.4497	1.4543	1.4548	1.4533	1.4564	1.4565	1.4593	1.464
"Belgium"	56	1.6589	1.6126	1.5854	1.5656	1.5522	1.5413	1.5327	1.5278	1.5223	1.5185	1.513	1.5105	1.505	1.5035	1.504	1.5013	1.4975
"Belize"	84	2.0644	1.8064	1.6124	1.4704	1.3571	1.2555	1.1789	1.1091	1.054	1.0221	0.9944	0.9828	0.9821	0.994	1.0073	1.0219	1.0454
"Benin"	204	4.0263	3.4555	2.9719	2.585	2.2878	2.057	1.8901	1.7629	1.6474	1.5586	1.4849	1.4129	1.3502	1.3038	1.2554	1.222	1.1962
"Bhutan"	64	1.5608	1.3264	1.1542	1.0112	0.9108	0.8469	0.8012	0.7829	0.7848	0.8037	0.832	0.8841	0.9328	0.983	1.0316	1.0699	1.1045
"Bolivia (Plurinational State of)"	68	2.3953	2.0699	1.8524	1.6851	1.5526	1.4532	1.371	1.2916	1.2326	1.1873	1.149	1.1147	1.0928	1.0782	1.0704	1.072	1.083
"Bosnia and Herzegovina"	70	0.9355	0.8015	0.7172	0.6754	0.6683	0.7055	0.7739	0.8461	0.9099	0.9589	0.9892	1.019	1.0354	1.0637	1.0829	1.0946	1.109
"Botswana"	72	2.2728	1.9883	1.7741	1.6043	1.4573	1.3451	1.2425	1.1604	1.0971	1.056	1.0289	1.0116	1.0089	1.0111	1.0207	1.0405	1.0734
"Brazil"	76	1.418	1.2366	1.1035	1.008	0.9357	0.8955	0.8748	0.8815	0.8962	0.925	0.9593	0.994	1.0339	1.0738	1.1054	1.1357	1.168
"Brunei Darussalam"	96	1.4802	1.3014	1.1612	1.0545	0.9795	0.9308	0.9047	0.8918	0.9016	0.9283	0.9505	0.9819	1.016	1.0394	1.0775	1.1097	1.1423
"Bulgaria"	100	1.4182	1.4143	1.4219	1.4305	1.4431	1.4492	1.4605	1.4682	1.4749	1.4798	1.4845	1.4879	1.4935	1.4951	1.4989	1.5045	1.5059
"Burkina Faso"	854	4.7524	4.0383	3.3851	2.8622	2.4607	2.1751	1.9688	1.8068	1.6828	1.5869	1.5064	1.432	1.383	1.332	1.2868	1.2587	1.2359
"Burundi"	108	5.1942	4.4691	3.8011	3.2218	2.7641	2.4227	2.1692	1.9912	1.8416	1.7297	1.6306	1.5467	1.4746	1.4257	1.3727	1.3294	1.2992
"Cabo Verde"	132	1.7867	1.5501	1.3819	1.2501	1.1384	1.0528	0.9898	0.9525	0.9259	0.9153	0.9219	0.9374	0.9625	0.9998	1.0358	1.0696	1.1026
"Cambodia"	116	2.1021	1.8208	1.6432	1.5027	1.3998	1.3041	1.2331	1.1712	1.1195	1.0845	1.0566	1.0447	1.038	1.036	1.0392	1.0457	1.0589
"Cameroon"	120	3.9901	3.457	3.0161	2.6534	2.3605	2.1301	1.9635	1.8208	1.7117	1.6177	1.5323	1.4654	1.4081	1.3525	1.3038	1.2675	1.2354
"Canada"	124	1.253	1.0952	0.9822	0.9069	0.8677	0.8554	0.8781	0.9178	0.9789	1.0269	1.0708	1.104	1.1361	1.1647	1.1894	1.2027	1.224
"Central African Republic"	140	3.4991	2.8533	2.3634	2.0418	1.8303	1.6762	1.5562	1.4612	1.3834	1.3216	1.2725	1.2285	1.1917	1.1684	1.1459	1.1313	1.1234
"Chad"	148	5.2803	4.3925	3.6103	2.9784	2.5212	2.193	1.9645	1.8087	1.6753	1.5564	1.4758	1.3979	1.3456	1.2986	1.2543	1.2168	1.1884
"Channel Islands"	830	1.3163	1.2778	1.2538	1.2394	1.2274	1.2187	1.2144	1.2121	1.2094	1.201	1.1954	1.1913	1.1916	1.1889	1.1876	1.1902	1.1896
"Chile"	152	1.4023	1.2431	1.1238	1.0362	0.9762	0.954	0.9483	0.9657	1.0017	1.0377	1.0797	1.1188	1.1572	1.1823	1.2054	1.2282	1.2479
"China"	156	1.4182	1.3852	1.3679	1.3589	1.3531	1.3443	1.3429	1.3361	1.3394	1.3395	1.3388	1.3381	1.3377	1.3369	1.337	1.3356	1.3334
"China, Hong Kong SAR"	344	1.115	1.1175	1.132	1.1444	1.1605	1.1764	1.19	1.2065	1.2179	1.2327	1.2447	1.2559	1.2701	1.2747	1.2861	1.2943	1.3043
"China, Macao SAR"	446	1.145	1.1838	1.2178	1.2557	1.2919	1.3249	1.3452	1.3641	1.3861	1.3998	1.4145	1.4238	1.432	1.4426	1.4509	1.4573	1.4607
"Colombia"	170	1.4978	1.291	1.1353	1.0138	0.9227	0.8637	0.8377	0.8334	0.832	0.8642	0.905	0.9554	1.0047	1.0471	1.0802	1.1189	1.1517
"Comoros"	174	3.7668	3.2559	2.8352	2.5017	2.2357	2.0436	1.88	1.7573	1.6417	1.5481	1.4706	1.3972	1.3303	1.2858	1.2409	1.2076	1.1731
"Congo"	178	4.196	3.7255	3.3392	3.003	2.716	2.477	2.2778	2.1063	1.9705	1.8576	1.7598	1.6755	1.6016	1.5284	1.4712	1.4162	1.377
"Costa Rica"	188	1.4378	1.2495	1.1054	0.9962	0.9202	0.8745	0.8555	0.8604	0.8854	0.9179	0.9626	1.0018	1.0448	1.0888	1.1227	1.1546	1.1877
"Cote d'Ivoire"	384	4.3122	3.8135	3.3938	3.0387	2.7312	2.4754	2.2743	2.1108	1.9661	1.8544	1.7569	1.6759	1.5921	1.5239	1.4677	1.4108	1.3563
"Croatia"	191	1.1705	1.016	0.9125	0.8448	0.8162	0.8124	0.8514	0.9141	0.9764	1.0261	1.0673	1.1041	1.1298	1.1524	1.1728	1.1935	1.2072
"Cuba"	192	1.2694	1.1129	1.0001	0.9132	0.8674	0.8509	0.8746	0.9077	0.9551	1.0103	1.0518	1.0915	1.1187	1.1484	1.1722	1.1953	1.2125
"Curacao"	531	1.7425	1.5765	1.4527	1.3588	1.2924	1.2419	1.2123	1.2056	1.2221	1.2424	1.2629	1.2827	1.3129	1.3359	1.3543	1.3779	1.3893
"Cyprus"	196	1.1159	0.9671	0.8647	0.8071	0.775	0.782	0.8243	0.885	0.9426	0.993	1.0378	1.0707	1.1005	1.1308	1.1513	1.169	1.182
"Czech Republic"	203	1.3558	1.3564	1.369	1.378	1.3901	1.401	1.4153	1.4249	1.435	1.4402	1.4468	1.449	1.4567	1.4594	1.4631	1.4655	1.4691
"Dem. People's Republic of Korea"	408	1.6007	1.4389	1.3205	1.2286	1.1641	1.1158	1.0912	1.0787	1.0835	1.1011	1.1245	1.1454	1.1696	1.1912	1.2133	1.2394	1.2638
"Democratic Republic of the Congo"	180	5.1512	4.2808	3.4957	2.8806	2.4375	2.1352	1.932	1.7738	1.6421	1.5493	1.4696	1.4028	1.3445	1.2941	1.256	1.2231	1.1983
"Denmark"	208	1.5881	1.5567	1.5394	1.5291	1.5235	1.5182	1.5187	1.516	1.5175	1.5134	1.516	1.5164	1.5158	1.5199	1.5167	1.5184	1.519
"Djibouti"	262	2.5151	2.1115	1.8487	1.6644	1.5181	1.4088	1.3062	1.2219	1.1608	1.1145	1.0781	1.0448	1.0274	1.0199	1.0189	1.0205	1.0308
"Dominican Republic"	214	2.0094	1.7657	1.5754	1.4164	1.2865	1.1767	1.0838	1.015	0.9676	0.9419	0.9292	0.9308	0.9457	0.966	0.9988	1.0257	1.0567
"Ecuador"	218	2.068	1.8286	1.6511	1.5047	1.3776	1.2749	1.1897	1.1199	1.0708	1.0381	1.0164	1.0111	1.0126	1.0224	1.0296	1.0471	1.0697
"Egypt"	818	2.7367	2.4256	2.2056	2.0204	1.8696	1.7383	1.6238	1.5304	1.4433	1.3765	1.3242	1.2827	1.2399	1.2096	1.1855	1.1723	1.1651
"El Salvador"	222	1.5236	1.3331	1.1896	1.0722	0.9899	0.9284	0.8884	0.867	0.8681	0.8842	0.9055	0.936	0.9683	1.0032	1.0372	1.0704	1.0948
"Equatorial Guinea"	226	3.9829	3.2254	2.5961	2.1619	1.9038	1.7299	1.6003	1.5004	1.4145	1.3472	1.2906	1.2396	1.2005	1.1747	1.1537	1.1387	1.1237
"Eritrea"	232	3.5456	3.0115	2.5978	2.2811	2.0496	1.8768	1.7358	1.6154	1.5241	1.4453	1.3797	1.3231	1.2697	1.2254	1.1983	1.1648	1.1369
"Estonia"	233	1.4764	1.4634	1.4626	1.4648	1.4674	1.476	1.4798	1.4851	1.487	1.4907	1.4956	1.4957	1.4943	1.4978	1.5018	1.5001	1.5018
"Ethiopia"	231	3.4582	2.7044	2.1754	1.8675	1.6581	1.5043	1.3849	1.286	1.2101	1.1372	1.0779	1.0419	1.0103	0.9851	0.9643	0.9636	0.972
"Fiji"	242	2.108	1.8773	1.6998	1.5566	1.4334	1.334	1.2489	1.1951	1.143	1.1066	1.0852	1.0708	1.068	1.0707	1.0837	1.1011	1.1159
"Finland"	246	1.5955	1.5514	1.5271	1.5119	1.4993	1.4903	1.4837	1.4801	1.4764	1.4685	1.4695	1.4665	1.4645	1.462	1.4594	1.4581	1.4579
"France"	250	1.8149	1.7499	1.7091	1.6803	1.6583	1.641	1.6257	1.6143	1.6031	1.5985	1.593	1.5812	1.5772	1.5721	1.5666	1.5625	1.5614
"French Guiana"	254	2.8628	2.5764	2.3594	2.1882	2.0383	1.9143	1.8077	1.7196	1.6417	1.5722	1.5121	1.47	1.4347	1.4013	1.3717	1.3471	1.3352
"French Polynesia"	258	1.6423	1.4634	1.322	1.2081	1.1207	1.0528	1.0133	0.9816	0.9704	0.9685	0.983	0.9985	1.0208	1.0384	1.0619	1.0889	1.1157
"Gabon"	266	3.2178	2.7743	2.4315	2.1716	1.9692	1.8206	1.6954	1.5852	1.497	1.4298	1.3703	1.3161	1.2743	1.2295	1.2021	1.1749	1.1568
"Gambia"	270	5.0909	4.4886	3.8653	3.2532	2.6978	2.297	2.0065	1.806	1.6523	1.5398	1.448	1.3769	1.3178	1.2595	1.2281	1.1945	1.1687
"Georgia"	268	1.6447	1.5924	1.5579	1.5338	1.5165	1.5064	1.4958	1.4869	1.4806	1.4759	1.4697	1.4618	1.4555	1.4552	1.4483	1.4447	1.4426
"Germany"	276	1.2619	1.2326	1.2141	1.2039	1.1986	1.1934	1.1934	1.1883	1.1861	1.1836	1.1799	1.1804	1.1817	1.1804	1.1799	1.1776	1.1805
"Ghana"	288	3.4907	3.0608	2.7328	2.4667	2.2545	2.0768	1.9307	1.8065	1.7012	1.601	1.515	1.4442	1.3848	1.3293	1.2796	1.245	1.2138
"Greece"	300	1.0042	0.8666	0.7743	0.7285	0.7116	0.7435	0.8091	0.8791	0.941	0.9888	1.0231	1.057	1.0797	1.108	1.1208	1.1352	1.1528
"Grenada"	308	1.7288	1.5174	1.3502	1.2191	1.1083	1.0306	0.9728	0.9367	0.9202	0.9229	0.9287	0.9518	0.9847	1.0154	1.0475	1.0803	1.1089
"Guadeloupe"	312	1.7596	1.5671	1.4293	1.3268	1.2551	1.1985	1.1682	1.1584	1.1759	1.2108	1.2421	1.2742	1.3022	1.3321	1.3617	1.3806	1.4009
"Guam"	316	1.9561	1.7523	1.595	1.4648	1.3585	1.2716	1.2021	1.1567	1.1207	1.0965	1.0876	1.0877	1.096	1.1164	1.1313	1.1522	1.1714
"Guatemala"	320	2.5734	2.1807	1.9189	1.7296	1.5955	1.4792	1.3906	1.3188	1.2551	1.2119	1.1636	1.1357	1.1119	1.095	1.088	1.0909	1.0896
"Guinea"	324	4.2433	3.6038	3.0611	2.6206	2.2953	2.0497	1.8769	1.7425	1.6354	1.5406	1.4683	1.4128	1.3601	1.3104	1.2751	1.2443	1.2112
"Guinea-Bissau"	624	4.0888	3.5224	3.0547	2.6805	2.37	2.1276	1.957	1.8086	1.6948	1.6014	1.5162	1.4459	1.3818	1.3289	1.2823	1.2402	1.2059
"Guyana"	328	2.0981	1.8785	1.7053	1.5745	1.4599	1.3678	1.2919	1.2298	1.1822	1.1448	1.1178	1.1029	1.0981	1.0907	1.1	1.1149	1.1284
"Haiti"	332	2.3895	2.0153	1.7763	1.611	1.4851	1.3721	1.2792	1.1974	1.1375	1.0901	1.0523	1.0302	1.0215	1.0107	1.0152	1.0224	1.0378
"Honduras"	340	1.7959	1.534	1.3737	1.2606	1.1628	1.0821	1.022	0.9711	0.9457	0.9298	0.9332	0.9434	0.9614	0.9758	0.9996	1.0304	1.0584
"Hungary"	348	1.2208	1.1987	1.1871	1.183	1.1813	1.1766	1.1789	1.1834	1.1814	1.181	1.1837	1.1846	1.187	1.1882	1.1863	1.1881	1.1866
"Iceland"	352	1.5694	1.3936	1.2633	1.1563	1.0735	1.0197	0.9966	0.9838	0.9952	1.0249	1.0526	1.0762	1.1031	1.1265	1.1496	1.1716	1.1814
"India"	356	1.956	1.7249	1.5548	1.4262	1.3269	1.2446	1.1747	1.1213	1.087	1.0621	1.0405	1.029	1.0311	1.0378	1.0506	1.0665	1.0875
"Indonesia"	360	1.9901	1.7623	1.6003	1.4734	1.363	1.2692	1.2016	1.1467	1.1173	1.1006	1.0907	1.0989	1.1154	1.14	1.1551	1.1838	1.2114
"Iran (Islamic Republic of)"	364	1.2778	1.0664	0.9149	0.8236	0.7694	0.7412	0.7417	0.779	0.8319	0.9037	0.9691	1.0256	1.0683	1.1059	1.1355	1.1597	1.1809
"Iraq"	368	3.8931	3.458	3.1085	2.8186	2.5754	2.3698	2.2014	2.0477	1.9294	1.8186	1.7271	1.6393	1.5645	1.5021	1.4419	1.3857	1.3439
"Ireland"	372	1.8235	1.7527	1.7068	1.6745	1.6496	1.6298	1.611	1.5959	1.5856	1.5722	1.5619	1.5531	1.5467	1.5395	1.5343	1.5256	1.5206
"Israel"	376	2.53	2.29	2.0988	1.9475	1.8136	1.7045	1.6123	1.5267	1.453	1.3944	1.3448	1.3112	1.2795	1.2563	1.2317	1.225	1.2153
"Italy"	380	1.313	1.2932	1.2881	1.2877	1.2895	1.2926	1.293	1.2955	1.2994	1.3028	1.3087	1.3114	1.3133	1.3201	1.3241	1.3242	1.3292
"Jamaica"	388	1.6479	1.4525	1.3096	1.198	1.1049	1.0416	1.0015	0.9751	0.9816	0.9865	1.0041	1.0339	1.0617	1.0946	1.1277	1.1569	1.1879
"Japan"	392	1.2816	1.2635	1.2546	1.2539	1.2541	1.2547	1.2562	1.2585	1.2604	1.2612	1.2645	1.2682	1.2711	1.2761	1.2782	1.2776	1.2835
"Jordan"	400	2.7618	2.3938	2.1238	1.9057	1.731	1.5744	1.4471	1.3365	1.2361	1.15	1.0924	1.0467	1.0151	0.996	0.9865	0.9911	1.0024
"Kazakhstan"	398	2.2056	1.9946	1.8327	1.7014	1.5828	1.4864	1.4081	1.347	1.2889	1.246	1.2192	1.2039	1.1922	1.1848	1.184	1.1875	1.1943
"Kenya"	404	3.6317	3.1762	2.8224	2.5398	2.3087	2.1198	1.9564	1.8178	1.6985	1.5902	1.4978	1.412	1.3331	1.2635	1.2118	1.1649	1.1301
"Kiribati"	296	3.1334	2.8067	2.5568	2.3498	2.1757	2.0287	1.899	1.7815	1.6895	1.6061	1.5324	1.4615	1.4046	1.3572	1.3179	1.2827	1.2591
"Kuwait"	414	1.6911	1.4908	1.3457	1.231	1.1429	1.087	1.048	1.0549	1.0783	1.1264	1.183	1.2326	1.2809	1.3116	1.3441	1.3634	1.3832
"Kyrgyzstan"	417	2.5171	2.2479	2.0517	1.898	1.7739	1.6587	1.5746	1.4922	1.4328	1.3793	1.3335	1.2975	1.2705	1.2583	1.2452	1.2356	1.2377
"Lao People's Democratic Republic"	418	2.339	1.9944	1.7526	1.5598	1.4003	1.2658	1.1502	1.0676	1.0031	0.9646	0.9319	0.9143	0.9199	0.9406	0.9646	0.9942	1.0277
"Latvia"	428	1.3705	1.36	1.363	1.3693	1.3758	1.3814	1.3869	1.3926	1.3996	1.404	1.4093	1.4144	1.4186	1.4196	1.4205	1.4274	1.4308
"Lebanon"	422	1.3595	1.2052	1.0934	1.0072	0.9545	0.929	0.9168	0.9303	0.9495	0.9816	1.0195	1.0565	1.0922	1.1205	1.1544	1.1748	1.2023
"Lesotho"	426	2.5751	2.2349	1.993	1.8117	1.666	1.5435	1.4514	1.3672	1.2993	1.2489	1.2024	1.1681	1.141	1.1166	1.1063	1.101	1.1042
"Liberia"	430	4.0045	3.4646	3.0077	2.6382	2.3394	2.1143	1.9444	1.8105	1.6951	1.604	1.5282	1.463	1.4005	1.3493	1.3095	1.2695	1.237
"Libya"	434	1.9414	1.6749	1.4604	1.291	1.1644	1.0555	0.9727	0.9177	0.8904	0.8837	0.8942	0.913	0.9491	0.9967	1.0446	1.0955	1.1378
"Lithuania"	440	1.4508	1.4334	1.428	1.4267	1.4268	1.4277	1.4336	1.4386	1.4415	1.4421	1.4467	1.4474	1.4475	1.4488	1.45	1.4571	1.4576
"Luxembourg"	442	1.4369	1.4115	1.3992	1.3907	1.3864	1.3861	1.3865	1.3853	1.3886	1.3866	1.3933	1.3958	1.39	1.3888	1.3921	1.3963	1.3989
"Madagascar"	450	3.7474	3.296	2.9307	2.6286	2.3801	2.1846	2.0245	1.8952	1.7846	1.6916	1.605	1.5333	1.4639	1.4122	1.3538	1.3127	1.2747
"Malawi"	454	4.4221	3.8804	3.4132	3.0045	2.6696	2.4065	2.1854	2.0176	1.8868	1.769	1.6783	1.5994	1.5281	1.46	1.4014	1.352	1.3129
"Malaysia"	458	1.5565	1.3761	1.235	1.1237	1.0384	0.9805	0.9428	0.9318	0.9313	0.94	0.9645	0.9866	1.0163	1.0467	1.0767	1.1076	1.1357
"Maldives"	462	1.6188	1.3624	1.1656	1.0168	0.9098	0.8399	0.8075	0.7918	0.8038	0.8394	0.8961	0.9549	1.0139	1.0719	1.113	1.1482	1.179
"Mali"	466	5.4437	4.5596	3.7014	2.9727	2.4602	2.1415	1.9046	1.7423	1.6137	1.5017	1.4157	1.3533	1.2957	1.2551	1.2153	1.194	1.171
"Malta"	470	1.2771	1.2141	1.1648	1.1483	1.154	1.1661	1.182	1.1959	1.2102	1.2251	1.2347	1.245	1.2537	1.2672	1.2757	1.2845	1.2936
"Martinique"	474	1.5371	1.3627	1.2382	1.1414	1.0751	1.0342	1.0267	1.0435	1.0796	1.1297	1.175	1.2132	1.2525	1.2791	1.3085	1.3266	1.3493
"Mauritania"	478	3.9229	3.4359	3.0358	2.6873	2.4099	2.1833	2.0158	1.8756	1.7614	1.6737	1.5929	1.5223	1.4637	1.4099	1.3648	1.3261	1.2939
"Mauritius"	480	1.1315	0.9731	0.8691	0.8022	0.7721	0.7806	0.8194	0.8816	0.9467	1.002	1.0566	1.0957	1.1234	1.1481	1.1705	1.1923	1.2042
"Mayotte"	175	3.2737	2.8404	2.5108	2.2576	2.0456	1.8601	1.7059	1.5575	1.4325	1.3243	1.2299	1.1511	1.0887	1.0431	1.0085	0.9961	0.9809
"Mexico"	484	1.782	1.5392	1.3543	1.2022	1.0788	0.9769	0.9142	0.8746	0.8553	0.8569	0.8688	0.8968	0.9353	0.9824	1.0303	1.0786	1.1135
"Micronesia (Fed. States of)"	583	2.6351	2.2765	2.026	1.8373	1.6829	1.5619	1.4539	1.3648	1.2968	1.237	1.1831	1.1383	1.1054	1.08	1.0675	1.0566	1.0526
"Mongolia"	496	2.062	1.8209	1.6486	1.5208	1.4226	1.3377	1.287	1.2557	1.2587	1.2752	1.3047	1.3331	1.3766	1.4055	1.427	1.4449	1.4619
"Montenegro"	499	1.332	1.1746	1.0459	0.957	0.9095	0.8871	0.8893	0.9191	0.9644	1.0044	1.049	1.0867	1.1208	1.1525	1.1756	1.1993	1.2246
"Morocco"	504	2.0005	1.7646	1.5866	1.4446	1.3233	1.2251	1.1509	1.0919	1.0526	1.0317	1.0157	1.0193	1.0363	1.059	1.0802	1.1157	1.1454
"Mozambique"	508	4.6729	4.0926	3.5267	2.9927	2.5465	2.2194	1.9949	1.8333	1.7074	1.6124	1.5252	1.4623	1.4019	1.3577	1.3232	1.2909	1.2614
"Myanmar"	104	1.7803	1.5724	1.4094	1.2864	1.1772	1.0955	1.0397	1.0013	0.9753	0.9672	0.9755	0.9924	1.0139	1.0439	1.0787	1.1163	1.1409
"Namibia"	516	2.8639	2.5034	2.2328	2.0219	1.8511	1.7046	1.5801	1.4643	1.3728	1.2926	1.229	1.1755	1.1413	1.1132	1.0952	1.0774	1.0786
"Nepal"	524	1.6238	1.3875	1.2438	1.1369	1.0496	0.9792	0.9374	0.9111	0.9017	0.9023	0.9174	0.9473	0.9801	1.0148	1.0478	1.0808	1.1116
"Netherlands"	528	1.5976	1.5551	1.5318	1.516	1.5028	1.4945	1.4878	1.4839	1.4791	1.4737	1.4714	1.4713	1.4685	1.4654	1.4672	1.4637	1.4633
"New Caledonia"	540	1.6951	1.5014	1.3593	1.2469	1.156	1.0906	1.0445	1.0241	1.0199	1.0271	1.0526	1.0858	1.1065	1.1422	1.1685	1.1982	1.2264
"New Zealand"	554	1.6496	1.4703	1.3393	1.2343	1.1538	1.0907	1.0551	1.0381	1.0405	1.0512	1.0725	1.1027	1.1236	1.147	1.1659	1.1931	1.2095
"Nicaragua"	558	1.7923	1.5578	1.3857	1.2444	1.1245	1.0413	0.9776	0.9353	0.9194	0.9138	0.9217	0.938	0.9619	0.9954	1.0311	1.0657	1.1044
"Niger"	562	7.0555	6.1949	5.2558	4.362	3.5859	2.9875	2.5393	2.2159	1.9919	1.8107	1.6796	1.5633	1.4716	1.3896	1.3266	1.2735	1.2303
"Nigeria"	566	4.9766	4.3631	3.7659	3.1886	2.6778	2.31	2.054	1.8667	1.7346	1.6276	1.5484	1.4786	1.4274	1.3799	1.3321	1.2975	1.2749
"Norway"	578	1.6415	1.595	1.5682	1.5497	1.5354	1.5239	1.5144	1.5072	1.5022	1.4961	1.4931	1.4911	1.4875	1.485	1.4813	1.4812	1.4784
"Oman"	512	2.1182	1.773	1.519	1.3153	1.1427	1.0076	0.907	0.8478	0.8119	0.7924	0.797	0.8264	0.8763	0.9332	0.9898	1.0442	1.0956
"Other non-specified areas"	158	0.7473	0.6466	0.6023	0.5973	0.6286	0.6937	0.7723	0.828	0.8746	0.905	0.9316	0.9574	0.9745	0.9921	1.007	1.0145	1.027
"Pakistan"	586	2.9134	2.4899	2.179	1.9615	1.7853	1.6408	1.5231	1.4229	1.3328	1.2506	1.1896	1.1392	1.1043	1.077	1.0589	1.0486	1.0502
"Panama"	591	1.9879	1.773	1.6097	1.473	1.3702	1.2835	1.2071	1.1632	1.1299	1.1035	1.0871	1.0854	1.089	1.1034	1.1187	1.1406	1.1663
"Papua New Guinea"	598	3.1317	2.7556	2.4626	2.2336	2.0505	1.893	1.7696	1.6633	1.5699	1.491	1.4253	1.3701	1.3194	1.274	1.2357	1.2068	1.1859
"Paraguay"	600	2.0377	1.7945	1.6219	1.4864	1.3794	1.2823	1.2055	1.1465	1.1041	1.0668	1.047	1.0356	1.0269	1.0299	1.0324	1.0424	1.0592
"Peru"	604	1.9854	1.7437	1.5631	1.4135	1.2869	1.178	1.1007	1.0365	0.989	0.9656	0.9542	0.951	0.9562	0.9745	1.003	1.0325	1.0633
"Philippines"	608	2.4586	2.1791	1.9733	1.8029	1.6662	1.545	1.4375	1.3535	1.2827	1.2207	1.1718	1.1289	1.1027	1.0826	1.0656	1.0551	1.0585
"Poland"	616	1.0259	0.8804	0.7876	0.7363	0.7215	0.7452	0.8046	0.8695	0.9371	0.98	1.0184	1.0553	1.0803	1.1016	1.1223	1.1366	1.1542
"Portugal"	620	0.9482	0.811	0.7333	0.6879	0.6847	0.7156	0.7786	0.854	0.9124	0.9549	0.9916	1.0191	1.0432	1.068	1.0852	1.1021	1.1166
"Puerto Rico"	630	1.2727	1.1112	0.9889	0.9042	0.8524	0.8397	0.8365	0.8662	0.9096	0.9553	1.0019	1.0347	1.0675	1.1014	1.1301	1.1545	1.1813
"Qatar"	634	1.5998	1.3842	1.2181	1.0907	0.9924	0.9209	0.8801	0.8478	0.8388	0.8491	0.8688	0.9033	0.9391	0.979	1.0119	1.0525	1.0931
"Republic of Korea"	410	1.1454	1.1297	1.1237	1.1191	1.1177	1.1163	1.119	1.1218	1.1283	1.1283	1.1323	1.1377	1.1428	1.143	1.1452	1.1431	1.1435
"Republic of Moldova"	498	0.9372	0.8071	0.7281	0.6857	0.6844	0.7271	0.7972	0.8683	0.9265	0.9678	1.0021	1.0316	1.0545	1.0754	1.093	1.1049	1.119
"Reunion"	638	1.7707	1.5569	1.391	1.2688	1.1679	1.0901	1.041	1.0155	1.0191	1.0267	1.0489	1.0849	1.1261	1.1619	1.2013	1.2321	1.263
"Romania"	642	1.3551	1.3314	1.3188	1.3102	1.3091	1.3053	1.3064	1.3069	1.3071	1.3121	1.3128	1.311	1.3087	1.3123	1.3115	1.3113	1.3107
"Russian Federation"	643	1.5399	1.5232	1.5207	1.5238	1.5261	1.5288	1.5344	1.5395	1.5419	1.5448	1.5446	1.5464	1.547	1.5477	1.5507	1.548	1.5488
"Rwanda"	646	3.1543	2.6865	2.329	2.0527	1.8232	1.6286	1.4501	1.2954	1.1653	1.06	0.9777	0.9143	0.8648	0.8418	0.8262	0.8284	0.8404
"Saint Lucia"	662	1.4861	1.2941	1.1411	1.0255	0.9406	0.8867	0.8538	0.8416	0.8571	0.8767	0.9093	0.9508	0.9848	1.0254	1.0616	1.0976	1.1307
"Saint Vincent and the Grenadines"	670	1.5629	1.354	1.1931	1.0654	0.9692	0.9043	0.8674	0.8555	0.8565	0.8786	0.9118	0.9477	0.9886	1.0303	1.0702	1.1044	1.1504
"Samoa"	882	3.4459	3.0624	2.7579	2.5103	2.3025	2.134	1.98	1.8497	1.7351	1.6447	1.5555	1.4747	1.4037	1.3383	1.2909	1.2468	1.2111
"Sao Tome and Principe"	678	3.8914	3.4016	3.0064	2.6722	2.4	2.1754	2.0073	1.8603	1.7484	1.6546	1.5766	1.5002	1.4394	1.3844	1.3471	1.3033	1.2674
"Saudi Arabia"	682	2.184	1.8821	1.6557	1.4813	1.3291	1.2084	1.1036	1.0217	0.9711	0.9332	0.9121	0.9048	0.9048	0.9198	0.9475	0.9803	1.0137
"Senegal"	686	4.3698	3.8637	3.4411	3.0817	2.773	2.5245	2.3208	2.1503	2.0037	1.8738	1.7576	1.668	1.582	1.5126	1.4483	1.3864	1.3403
"Serbia"	688	1.3554	1.2456	1.1606	1.1096	1.1023	1.1048	1.1264	1.1492	1.1721	1.1954	1.2195	1.2394	1.2544	1.2696	1.2839	1.2972	1.3064
"Seychelles"	690	1.8425	1.6284	1.4605	1.3264	1.2249	1.1397	1.0821	1.0459	1.0279	1.0324	1.0543	1.0833	1.1166	1.15	1.193	1.2301	1.2599
"Sierra Leone"	694	3.7344	2.9723	2.4231	2.0511	1.8145	1.6489	1.524	1.4252	1.3429	1.2766	1.2154	1.1676	1.1331	1.0995	1.0769	1.0541	1.0517
"Singapore"	702	1.0883	1.0389	1.0074	0.9808	0.9541	0.9384	0.9237	0.9076	0.8954	0.8809	0.8704	0.8569	0.8456	0.8351	0.8237	0.815	0.8058
"Slovakia"	703	1.2551	1.2376	1.2296	1.2263	1.228	1.2309	1.236	1.2392	1.2418	1.2443	1.247	1.2488	1.2537	1.2558	1.2589	1.2627	1.2658
"Slovenia"	705	1.4645	1.4488	1.4464	1.4488	1.4555	1.4589	1.465	1.4715	1.4759	1.475	1.4784	1.4812	1.4872	1.4914	1.4909	1.4912	1.4933
"Solomon Islands"	90	3.2973	2.8739	2.5455	2.2892	2.089	1.9336	1.7941	1.6764	1.572	1.4833	1.4091	1.3379	1.2801	1.2292	1.1875	1.1545	1.1344
"Somalia"	706	5.6236	4.732	3.9006	3.2219	2.7046	2.3437	2.0932	1.9169	1.7588	1.6491	1.5623	1.4782	1.4129	1.3589	1.316	1.2841	1.2502
"South Africa"	710	1.9186	1.7022	1.5387	1.4072	1.3017	1.2105	1.1398	1.087	1.0531	1.0317	1.0204	1.0194	1.0318	1.0455	1.0623	1.0833	1.1005
"South Sudan"	728	4.2487	3.6013	3.0671	2.6276	2.2971	2.0613	1.8821	1.7481	1.6297	1.5381	1.4666	1.3933	1.3377	1.2863	1.2437	1.2124	1.1872
"Spain"	724	1.2021	1.1801	1.1716	1.167	1.1632	1.1647	1.1651	1.1666	1.1696	1.1707	1.1731	1.1735	1.1759	1.175	1.18	1.1748	1.1799
"Sri Lanka"	144	1.6804	1.4936	1.3523	1.2393	1.1545	1.0889	1.0505	1.0249	1.023	1.0309	1.0448	1.0649	1.0906	1.1176	1.1484	1.1777	1.2134
"State of Palestine"	275	3.4596	2.9606	2.5748	2.2698	2.0431	1.8755	1.7408	1.6277	1.5364	1.4537	1.3842	1.3329	1.2799	1.239	1.1953	1.1682	1.1454
"Sudan"	729	3.6538	3.1507	2.7496	2.4281	2.1776	1.992	1.8365	1.7167	1.6206	1.5316	1.4612	1.4019	1.3498	1.3113	1.2726	1.2274	1.2102
"Suriname"	740	1.9185	1.6985	1.5286	1.3891	1.2798	1.187	1.1188	1.0675	1.0253	1.0086	1.008	1.0101	1.0275	1.0465	1.0732	1.0966	1.1293
"Swaziland"	748	2.6155	2.2453	1.9851	1.7885	1.6293	1.497	1.3794	1.2818	1.1967	1.137	1.0842	1.0433	1.0193	1.0078	1.0088	1.013	1.0192
"Sweden"	752	1.747	1.6969	1.664	1.6461	1.629	1.6184	1.6101	1.6023	1.5966	1.5902	1.5866	1.585	1.5783	1.5767	1.575	1.5751	1.5717
"Switzerland"	756	1.3969	1.369	1.3537	1.3482	1.3445	1.3391	1.3371	1.3385	1.3377	1.3383	1.3401	1.3411	1.3404	1.3459	1.3405	1.339	1.3425
"Syrian Arab Republic"	760	2.3679	2.048	1.8098	1.6165	1.4522	1.3129	1.1964	1.1038	1.0322	0.9768	0.9417	0.917	0.9133	0.9098	0.9352	0.961	0.9865
"Tajikistan"	762	2.8731	2.5341	2.2839	2.0838	1.9263	1.7836	1.6658	1.5646	1.4769	1.3983	1.3405	1.2847	1.2431	1.2069	1.1758	1.1566	1.1451
"TFYR Macedonia"	807	1.3081	1.2047	1.1332	1.0892	1.0746	1.0766	1.0989	1.1214	1.1443	1.1698	1.1928	1.2123	1.2293	1.2437	1.2614	1.2732	1.284
"Thailand"	764	1.1424	0.971	0.8552	0.779	0.7397	0.7353	0.7625	0.8168	0.8862	0.9531	1.0062	1.0558	1.0886	1.1156	1.1352	1.1585	1.1772
"Timor-Leste"	626	4.7892	3.8724	3.1044	2.5353	2.1436	1.8977	1.7255	1.5965	1.4905	1.4113	1.3443	1.2778	1.216	1.1702	1.1351	1.107	1.087
"Togo"	768	3.8724	3.3674	2.967	2.6297	2.3617	2.1518	1.9802	1.848	1.7363	1.6439	1.5537	1.4837	1.417	1.3602	1.3109	1.258	1.2162
"Tonga"	776	3.1315	2.8061	2.5514	2.3374	2.1631	2.0128	1.8818	1.7671	1.6625	1.5684	1.4876	1.4235	1.3654	1.3187	1.2748	1.2421	1.203
"Trinidad and Tobago"	780	1.4074	1.2376	1.1124	1.0129	0.9446	0.9091	0.8971	0.9113	0.9442	0.984	1.0255	1.0634	1.1033	1.1409	1.1654	1.1943	1.2176
"Tunisia"	788	1.6824	1.4829	1.3269	1.2092	1.1152	1.0425	1.0071	0.9949	0.9933	1.0087	1.0416	1.0772	1.1239	1.1572	1.2042	1.241	1.268
"Turkey"	792	1.6585	1.4659	1.3233	1.207	1.1135	1.0414	0.9985	0.9656	0.9524	0.9491	0.96	0.9773	1.002	1.0327	1.0665	1.0964	1.1293
"Turkmenistan"	795	1.8505	1.6376	1.4768	1.3468	1.2333	1.1438	1.0803	1.0313	0.9957	0.9786	0.9742	0.9746	0.9882	1.0031	1.0268	1.0527	1.0764
"Uganda"	800	4.9683	4.1807	3.4775	2.9077	2.4916	2.1943	1.9801	1.8188	1.6904	1.5932	1.5066	1.4307	1.3674	1.3221	1.2833	1.2416	1.2119
"Ukraine"	804	1.3717	1.357	1.3511	1.3538	1.3543	1.3577	1.3649	1.3658	1.3677	1.3715	1.3754	1.3804	1.3869	1.3826	1.3855	1.3884	1.3884
"United Arab Emirates"	784	1.3891	1.2055	1.07	0.9725	0.904	0.8652	0.8481	0.8492	0.8734	0.9096	0.9474	0.9903	1.0285	1.0637	1.0967	1.1286	1.1598
"United Kingdom"	826	1.7356	1.6729	1.6383	1.6129	1.5964	1.5822	1.5697	1.5582	1.554	1.5499	1.542	1.5376	1.5282	1.524	1.5208	1.5173	1.5152
"United Republic of Tanzania"	834	4.4661	3.9464	3.4845	3.0702	2.7154	2.4222	2.1951	2.0297	1.887	1.778	1.6805	1.6077	1.5409	1.4877	1.4434	1.4074	1.3645
"United States of America"	840	1.7234	1.6725	1.6387	1.6168	1.6038	1.5914	1.583	1.5726	1.5633	1.5587	1.5557	1.5474	1.546	1.5398	1.5365	1.5304	1.5294
"United States Virgin Islands"	850	1.8267	1.6215	1.465	1.3394	1.242	1.1617	1.1075	1.0805	1.063	1.0641	1.0852	1.1077	1.1359	1.1623	1.1975	1.2339	1.2655
"Uruguay"	858	1.6452	1.4701	1.3356	1.2266	1.1547	1.0996	1.0667	1.049	1.0539	1.0722	1.0995	1.1265	1.1469	1.1647	1.1829	1.1979	1.2199
"Uzbekistan"	860	1.9513	1.7346	1.5702	1.4411	1.3376	1.2427	1.1779	1.131	1.0956	1.0797	1.0732	1.0693	1.0835	1.0966	1.1188	1.1407	1.1617
"Vanuatu"	548	2.7785	2.4473	2.2125	2.013	1.8608	1.735	1.6237	1.5282	1.4527	1.3812	1.3224	1.2649	1.2179	1.1833	1.1537	1.1333	1.1242
"Venezuela (Bolivarian Republic of)"	862	1.9288	1.7009	1.5314	1.3872	1.2735	1.1802	1.1059	1.053	1.0178	1.0012	0.996	0.9979	1.0093	1.0237	1.0479	1.0746	1.1005
"Viet Nam"	704	1.7758	1.7073	1.6621	1.6268	1.6027	1.5812	1.5628	1.5498	1.5382	1.5264	1.5224	1.5136	1.5091	1.5071	1.4983	1.4919	1.4885
"Western Sahara"	732	1.7058	1.4802	1.3043	1.1591	1.0455	0.9581	0.8997	0.8617	0.8405	0.841	0.8626	0.8884	0.9225	0.9685	1.0096	1.0469	1.0822
"Yemen"	887	3.2896	2.7042	2.3162	2.0181	1.7732	1.5685	1.3886	1.2326	1.0993	0.9897	0.9115	0.8632	0.8246	0.8061	0.7979	0.7988	0.8106
"Zambia"	894	4.7015	4.2139	3.787	3.4117	3.0811	2.79	2.545	2.345	2.1655	2.0327	1.9145	1.8146	1.7333	1.66	1.6026	1.545	1.4932
"Zimbabwe"	716	3.1934	2.765	2.4566	2.2114	2.0006	1.8239	1.6696	1.5379	1.4174	1.3219	1.2391	1.1669	1.1127	1.0759	1.0487	1.0366	1.0254
