"country"	"country_code"	"2015-2020"	"2020-2025"	"2025-2030"	"2030-2035"	"2035-2040"	"2040-2045"	"2045-2050"	"2050-2055"	"2055-2060"	"2060-2065"	"2065-2070"	"2070-2075"	"2075-2080"	"2080-2085"	"2085-2090"	"2090-2095"	"2095-2100"
"World"	900	2.723527116	2.825449552	2.883245088	2.841576076	2.797656319	2.759545731	2.727982624	2.69739769	2.661551716	2.62832343	2.599261377	2.573296979	2.548882241	2.526121507	2.505826369	2.485726689	2.466534712
"More developed regions"	901	1.942347303	2.119223353	2.252213443	2.275535537	2.293455729	2.307986487	2.319625927	2.330261847	2.340093612	2.348258063	2.355631485	2.361126728	2.365201542	2.368371889	2.371771475	2.375153658	2.378677464
"Less developed regions"	902	2.831583208	2.91456358	2.960585262	2.91059998	2.85850956	2.814219745	2.776786756	2.739131376	2.696017509	2.657713558	2.625285838	2.596748561	2.569590432	2.543635968	2.520120645	2.497164614	2.475689591
"Least developed countries"	941	4.224306972	4.116593134	4.000896838	3.821634516	3.666882034	3.524205307	3.391547874	3.271697733	3.165633164	3.073655974	2.990844872	2.916347062	2.846076351	2.781640964	2.723901165	2.669742202	2.62063374
"Other less developed countries"	934	2.566333388	2.659331491	2.714413049	2.672205819	2.628648243	2.597727217	2.576381009	2.55322933	2.522078666	2.495357035	2.476009495	2.46062198	2.44672083	2.433248097	2.421784989	2.41108191	2.401312166
"Less developed regions, excluding China"	948	3.094879262	3.12713541	3.127381489	3.041006253	2.96553431	2.903646742	2.848786205	2.796217188	2.746233353	2.702750583	2.664994272	2.631027163	2.598774519	2.568559138	2.541631895	2.515933999	2.491869562
"High-income countries"	1503	2.009609064	2.172116386	2.29152561	2.304717309	2.310628115	2.313492227	2.318616179	2.325752886	2.333316994	2.340622417	2.34658305	2.349795838	2.351634079	2.353838398	2.357829058	2.362731331	2.367743894
"Middle-income countries"	1517	2.613702279	2.705154638	2.755585517	2.710590367	2.667586821	2.636920302	2.614388534	2.589706355	2.557029998	2.528530298	2.507684553	2.491382744	2.476670982	2.461890549	2.448558348	2.435300467	2.422953638
"Upper-middle-income countries"	1502	2.106794613	2.234050203	2.329339255	2.343407057	2.355440467	2.364549321	2.376034066	2.385570803	2.385200954	2.384358659	2.3846545	2.385902067	2.386958308	2.386231429	2.384954315	2.380431442	2.375414214
"Lower-middle-income countries"	1501	2.998275975	3.021241709	3.01261856	2.919138156	2.840520712	2.781092341	2.729576984	2.67954395	2.632361076	2.593280409	2.563254068	2.538299072	2.515764511	2.494283474	2.475693932	2.459073565	2.443870631
"Low-income countries"	1500	4.769193216	4.578498029	4.384287563	4.133834032	3.920347467	3.731212075	3.561313197	3.409793448	3.275584814	3.160012639	3.057685786	2.968025174	2.885346951	2.810952488	2.744474972	2.683246391	2.629134479
"Sub-Saharan Africa"	947	4.998428483	4.822052903	4.626747965	4.361545974	4.124973435	3.912893628	3.722946128	3.553646755	3.403054248	3.270703598	3.155187656	3.05359785	2.961062004	2.877567637	2.802994223	2.735419151	2.675181193
"Africa"	903	4.665799174	4.543501782	4.393276865	4.163118629	3.954112554	3.766196614	3.599552977	3.450973938	3.31727595	3.19744099	3.091380872	2.997824221	2.913321118	2.837082287	2.76897221	2.706426959	2.650552099
"Eastern Africa"	910	4.77361633	4.558291024	4.351441368	4.092906283	3.875168815	3.686080784	3.519657855	3.372929367	3.243896369	3.133132537	3.037192619	2.952405494	2.874659571	2.805678837	2.744569645	2.688771593	2.639243748
"Burundi"	108	5.9081	5.6642	5.3918	5.0485	4.7327	4.4459	4.1948	3.9753	3.7785	3.604	3.4543	3.322	3.2036	3.0958	3.002	2.9077	2.831
"Comoros"	174	4.4831	4.3122	4.133	3.8932	3.6893	3.5142	3.3605	3.2296	3.1086	3.002	2.9046	2.8158	2.7334	2.66	2.597	2.5424	2.4972
"Djibouti"	262	3.2362	3.1417	3.0541	2.903	2.7795	2.6765	2.5873	2.5159	2.458	2.4115	2.3765	2.3503	2.33	2.3174	2.3113	2.3062	2.3051
"Eritrea"	232	4.2749	4.0967	3.9142	3.6776	3.4822	3.3142	3.1707	3.0508	2.942	2.8414	2.7553	2.6755	2.6093	2.5514	2.5015	2.4639	2.4326
"Ethiopia"	231	4.2401	3.8946	3.6124	3.3212	3.1019	2.9267	2.7833	2.6662	2.5666	2.4866	2.425	2.3778	2.342	2.3181	2.3011	2.2911	2.2865
"Kenya"	404	4.3501	4.2089	4.0593	3.8434	3.6571	3.4964	3.3506	3.2214	3.1018	2.9916	2.8926	2.8014	2.7139	2.6389	2.5732	2.5178	2.4724
"Madagascar"	450	4.4582	4.344	4.2122	4.0104	3.8292	3.6694	3.5269	3.4018	3.2868	3.1807	3.0868	2.9977	2.9147	2.8354	2.7646	2.7001	2.6377
"Malawi"	454	5.1268	4.9392	4.731	4.4588	4.2161	4.0063	3.8195	3.6567	3.5095	3.3786	3.2578	3.151	3.051	2.9608	2.8773	2.7984	2.7273
"Mauritius"	480	1.6903	1.8315	1.9685	2.0085	2.0458	2.0801	2.1123	2.1422	2.1677	2.1901	2.2108	2.2287	2.244	2.2561	2.2688	2.2794	2.2888
"Mayotte"	175	3.9804	3.8261	3.6751	3.4634	3.2824	3.1232	2.9809	2.8556	2.741	2.6429	2.5577	2.4892	2.4325	2.393	2.3644	2.3409	2.3259
"Mozambique"	508	5.37	5.1896	4.9677	4.661	4.3785	4.1214	3.8905	3.6863	3.5062	3.3539	3.2195	3.1047	3.0037	2.9138	2.8326	2.7581	2.694
"Reunion"	638	2.3711	2.4193	2.4518	2.4003	2.3678	2.3466	2.335	2.3281	2.3245	2.3238	2.3247	2.3253	2.3264	2.3308	2.3335	2.336	2.3413
"Rwanda"	646	3.8673	3.6664	3.4817	3.2453	3.0447	2.8652	2.711	2.5764	2.4661	2.3774	2.3124	2.2652	2.2342	2.2203	2.2156	2.2185	2.2265
"Seychelles"	690	2.4643	2.5133	2.5302	2.4671	2.4204	2.3888	2.3649	2.3527	2.3433	2.3383	2.3367	2.336	2.3373	2.3391	2.3411	2.3429	2.3467
"Somalia"	706	6.371	6.0545	5.7152	5.3003	4.9281	4.5897	4.2913	4.0356	3.8138	3.6182	3.4537	3.3074	3.1759	3.0606	2.9559	2.8632	2.7783
"South Sudan"	728	4.9833	4.7481	4.5024	4.1959	3.9308	3.7013	3.511	3.3494	3.2068	3.0841	2.977	2.882	2.7928	2.7146	2.6489	2.5861	2.5368
"Uganda"	800	5.7069	5.4249	5.1187	4.7475	4.4181	4.1227	3.871	3.6551	3.4696	3.3135	3.1733	3.0586	2.9463	2.852	2.7691	2.6924	2.6249
"United Republic of Tanzania"	834	5.1702	5.0132	4.8294	4.566	4.3266	4.1104	3.9226	3.7522	3.6001	3.4661	3.3484	3.24	3.1441	3.0539	2.972	2.8948	2.8234
"Zambia"	894	5.392	5.2542	5.0894	4.8416	4.6177	4.4143	4.2313	4.0624	3.9122	3.7716	3.6477	3.5297	3.4265	3.3277	3.2391	3.1561	3.0786
"Zimbabwe"	716	3.8964	3.7447	3.6	3.3942	3.22	3.0701	2.9327	2.8132	2.7061	2.6157	2.5434	2.4854	2.439	2.4042	2.3781	2.3592	2.3476
"Middle Africa"	911	5.634398922	5.373156625	5.088776355	4.73455081	4.41562171	4.130626527	3.882338143	3.671717458	3.487662991	3.32987721	3.191376546	3.072262439	2.964623523	2.867973406	2.781640158	2.705352558	2.639013249
"Angola"	24	6.0396	5.7785	5.4786	5.0999	4.7446	4.4248	4.1355	3.8846	3.6674	3.4805	3.3223	3.1857	3.0652	2.9573	2.8648	2.7804	2.7041
"Cameroon"	120	4.7057	4.5321	4.3405	4.0845	3.8663	3.672	3.5065	3.3615	3.2365	3.1237	3.0219	2.9269	2.8449	2.7695	2.6972	2.6311	2.5784
"Central African Republic"	140	4.2657	4.0605	3.8468	3.5822	3.3703	3.1957	3.0518	2.9325	2.8271	2.7387	2.661	2.5934	2.5393	2.4923	2.4571	2.4256	2.4011
"Chad"	148	6.0436	5.7042	5.3469	4.9308	4.5641	4.2393	3.9606	3.7242	3.525	3.3566	3.2093	3.0826	2.9673	2.863	2.768	2.6881	2.6195
"Congo"	178	4.8945	4.7609	4.5968	4.3592	4.1482	3.9578	3.7869	3.6381	3.5039	3.3892	3.281	3.1851	3.0959	3.0135	2.9387	2.8632	2.7955
"Dem. Republic of the Congo"	180	5.9143	5.6002	5.2678	4.8719	4.5183	4.2042	3.9337	3.7088	3.5123	3.3467	3.2012	3.0786	2.9664	2.8665	2.7772	2.6995	2.6319
"Equatorial Guinea"	226	4.7698	4.5026	4.2216	3.8905	3.6125	3.3871	3.2032	3.0524	2.9292	2.8202	2.7276	2.6489	2.5831	2.5281	2.4832	2.4467	2.4189
"Gabon"	266	3.9283	3.8002	3.6627	3.4663	3.3008	3.1593	3.042	2.9407	2.845	2.7641	2.6914	2.6281	2.5688	2.5215	2.4826	2.4507	2.4252
"Sao Tome and Principe"	678	4.6057	4.4683	4.3077	4.0755	3.875	3.6936	3.5381	3.4037	3.2846	3.1752	3.0774	2.9889	2.9085	2.8295	2.7613	2.6983	2.6403
"Northern Africa"	912	3.304859775	3.293200014	3.256716181	3.131706444	3.012676885	2.910874037	2.837686401	2.78333945	2.732455662	2.674107217	2.61518457	2.564763659	2.528962462	2.500009833	2.476647429	2.450104152	2.42708665
"Algeria"	12	2.8676	2.8075	2.7583	2.6465	2.5646	2.5026	2.4581	2.4295	2.4088	2.393	2.3828	2.3772	2.3729	2.3695	2.3704	2.3686	2.3691
"Egypt"	818	3.4118	3.3758	3.3203	3.1886	3.0754	2.9748	2.8793	2.7953	2.7208	2.6516	2.5938	2.543	2.5041	2.4693	2.4427	2.4204	2.4029
"Libya"	434	2.565	2.5437	2.5127	2.4109	2.3395	2.292	2.2677	2.2576	2.2554	2.2581	2.2648	2.2706	2.2779	2.2851	2.2942	2.3	2.3079
"Morocco"	504	2.6313	2.6427	2.632	2.5433	2.4727	2.4188	2.3772	2.3499	2.3319	2.3203	2.3145	2.3119	2.311	2.3127	2.316	2.3175	2.3211
"Sudan"	729	4.3784	4.2338	4.0747	3.8498	3.6563	3.49	3.345	3.2197	3.1082	3.0073	2.916	2.8327	2.7561	2.6852	2.629	2.5738	2.5287
"Tunisia"	788	2.3197	2.3905	2.4296	2.3854	2.3569	2.3395	2.3289	2.3237	2.323	2.3223	2.3235	2.3262	2.3294	2.3333	2.3361	2.3393	2.3428
"Western Sahara"	732	2.3142	2.3439	2.3489	2.2776	2.229	2.1975	2.1839	2.1838	2.1879	2.1984	2.2103	2.2215	2.2348	2.2457	2.2579	2.2676	2.2769
"Southern Africa"	913	2.630740975	2.666353326	2.672420866	2.591285009	2.522041997	2.46504589	2.420280163	2.38469509	2.358043771	2.337463996	2.323320289	2.314283075	2.308416446	2.305642424	2.304318556	2.303500442	2.305795123
"Botswana"	72	2.9217	2.8931	2.8454	2.7243	2.6215	2.5347	2.4652	2.4135	2.3742	2.3444	2.3241	2.3121	2.3058	2.3023	2.3037	2.3049	2.3073
"Lesotho"	426	3.2616	3.2069	3.1439	3.0096	2.8975	2.7979	2.7112	2.6358	2.5723	2.5165	2.4718	2.4344	2.4061	2.3831	2.3668	2.3535	2.3455
"Namibia"	516	3.5608	3.4732	3.3759	3.2121	3.0716	2.9486	2.8406	2.7449	2.6624	2.5855	2.5218	2.4735	2.4356	2.407	2.3843	2.366	2.352
"South Africa"	710	2.532	2.579	2.5933	2.5177	2.4558	2.4066	2.3686	2.3391	2.3186	2.3048	2.2969	2.293	2.2912	2.2918	2.2931	2.2945	2.299
"Swaziland"	748	3.3116	3.2237	3.1339	2.9774	2.846	2.7312	2.6312	2.5486	2.4809	2.4249	2.3821	2.3523	2.3286	2.3145	2.3054	2.3014	2.2998
"Western Africa"	914	5.461003363	5.284083635	5.067254774	4.771672212	4.499761	4.251039779	4.024164091	3.820108069	3.63921653	3.476840895	3.334982432	3.20963716	3.096965729	2.995497293	2.90548343	2.823878314	2.750176486
"Benin"	204	4.7519	4.5522	4.3415	4.0738	3.8408	3.6371	3.4645	3.3153	3.1867	3.0737	2.9706	2.8776	2.7921	2.7161	2.6451	2.5877	2.5373
"Burkina Faso"	854	5.4847	5.2442	4.9789	4.6453	4.3422	4.076	3.8423	3.6446	3.4715	3.3229	3.193	3.0823	2.9751	2.8835	2.7989	2.7242	2.6576
"Cabo Verde"	132	2.4364	2.4495	2.4429	2.3626	2.3044	2.2661	2.2416	2.2316	2.228	2.2293	2.2358	2.2434	2.2519	2.261	2.2706	2.279	2.287
"Cote d'Ivoire"	384	5.0175	4.8676	4.7016	4.4609	4.2498	4.0588	3.8868	3.736	3.5994	3.4712	3.3578	3.2495	3.1534	3.0583	2.9742	2.8925	2.8121
"Gambia"	270	5.7772	5.6216	5.3709	5.0072	4.6471	4.305	3.9847	3.7024	3.4628	3.2592	3.0962	2.9596	2.8434	2.7474	2.6644	2.5948	2.5361
"Ghana"	288	4.2031	4.0924	3.9672	3.7726	3.6031	3.4563	3.3272	3.2115	3.1069	3.01	2.9239	2.8404	2.7612	2.6914	2.6293	2.5743	2.5296
"Guinea"	324	4.9839	4.7624	4.5239	4.2214	3.9593	3.734	3.5444	3.3785	3.2361	3.1163	3.0049	2.9069	2.8203	2.74	2.6713	2.6079	2.5554
"Guinea-Bissau"	624	4.8104	4.6041	4.3898	4.1157	3.8755	3.6755	3.4992	3.3456	3.2142	3.098	2.991	2.8987	2.8144	2.7343	2.6666	2.6049	2.5505
"Liberia"	430	4.7235	4.5495	4.3586	4.1013	3.8767	3.6901	3.5211	3.3771	3.2514	3.1372	3.0336	2.9405	2.854	2.7766	2.7044	2.6405	2.5851
"Mali"	466	6.1698	5.8704	5.5323	5.1151	4.7296	4.3811	4.0681	3.8004	3.5742	3.3821	3.2217	3.088	2.9704	2.8643	2.7771	2.6926	2.6264
"Mauritania"	478	4.6421	4.5141	4.3587	4.1346	3.9328	3.752	3.5971	3.4614	3.3413	3.2343	3.1336	3.0432	2.961	2.8825	2.8083	2.7423	2.6817
"Niger"	562	7.7069	7.5284	7.184	6.7119	6.2493	5.7984	5.372	4.9701	4.6109	4.2959	4.0195	3.7811	3.5748	3.3944	3.2438	3.107	2.9877
"Nigeria"	566	5.6582	5.4695	5.2374	4.9205	4.6202	4.3441	4.0935	3.8725	3.6796	3.5062	3.3579	3.2289	3.1146	3.0134	2.9234	2.8435	2.7696
"Senegal"	686	5.0776	4.9083	4.7199	4.4651	4.2396	4.0359	3.8602	3.6998	3.559	3.4321	3.3174	3.2122	3.1166	3.0248	2.9369	2.8573	2.7838
"Sierra Leone"	694	4.5273	4.223	3.9379	3.6283	3.381	3.1824	3.0251	2.8905	2.7805	2.6852	2.6042	2.5347	2.4778	2.4354	2.4019	2.3771	2.3569
"Togo"	768	4.5956	4.4409	4.2701	4.0342	3.8323	3.6546	3.4989	3.3616	3.237	3.1279	3.0269	2.9338	2.8443	2.7672	2.6943	2.6298	2.5745
"Asia"	935	2.398928194	2.494053749	2.549657889	2.50454171	2.458301386	2.429030565	2.412602508	2.395274137	2.369645806	2.350938741	2.340841738	2.335156451	2.330720744	2.326978403	2.325862892	2.325865495	2.326751995
"Eastern Asia"	906	1.82811656	1.988345408	2.129260284	2.18017497	2.205471393	2.21355576	2.223627691	2.237853314	2.253581466	2.270084065	2.282056498	2.288273143	2.291043711	2.293555735	2.300076525	2.30812846	2.31617602
"China"	156	1.8407	2.0252	2.155	2.1809	2.2026	2.2199	2.2359	2.2492	2.2617	2.272	2.2803	2.2881	2.2952	2.3002	2.306	2.3104	2.3148
"China, Hong Kong SAR"	344	1.5474	1.7765	1.9433	2.0011	2.0501	2.0923	2.1275	2.1584	2.1843	2.2063	2.2258	2.2431	2.2563	2.2679	2.2785	2.2883	2.2965
"China, Macao SAR"	446	1.5894	1.8537	2.0439	2.1134	2.1689	2.2113	2.2444	2.2722	2.2937	2.3106	2.3236	2.3354	2.3439	2.3514	2.3587	2.3636	2.3673
"Dem. People's Rep. of Korea"	408	2.1861	2.2977	2.3705	2.3492	2.3325	2.3219	2.3165	2.3126	2.3123	2.3148	2.3163	2.3192	2.3228	2.326	2.3281	2.3314	2.3332
"Japan"	392	1.7127	1.9195	2.0656	2.1061	2.1399	2.1698	2.1936	2.2139	2.2319	2.2471	2.2594	2.271	2.2791	2.2875	2.2944	2.3005	2.3066
"Mongolia"	496	2.7875	2.8255	2.8325	2.7557	2.6925	2.639	2.5977	2.5637	2.5337	2.5118	2.4934	2.4777	2.4662	2.4562	2.4468	2.4399	2.4337
"Republic of Korea"	410	1.5794	1.7925	1.9472	1.9959	2.0367	2.0729	2.1039	2.1307	2.153	2.1725	2.1899	2.2061	2.2195	2.2319	2.243	2.2509	2.2566
"China, Taiwan Province of China"	158	1.2814	1.4601	1.6522	1.7361	1.8141	1.8832	1.9459	1.9997	2.0468	2.0863	2.1198	2.1513	2.1768	2.1981	2.216	2.2315	2.2455
"South-Central Asia"	921	2.673782267	2.700345167	2.684734922	2.585595851	2.513213545	2.46828345	2.430662248	2.394137442	2.360059972	2.33570476	2.32046509	2.311495598	2.306245387	2.302519817	2.300684106	2.300207477	2.301413766
"Central Asia"	5500	2.805555635	2.841953383	2.836759152	2.737721701	2.657647582	2.610609531	2.575600166	2.537347395	2.498395814	2.465349068	2.439673051	2.418575541	2.4014466	2.388738086	2.3792876	2.371418721	2.365239321
"Kazakhstan"	398	2.7812	2.8357	2.8496	2.7758	2.7119	2.6547	2.6045	2.5608	2.5224	2.4893	2.4634	2.4422	2.4242	2.4103	2.399	2.3899	2.383
"Kyrgyzstan"	417	3.1763	3.1711	3.1409	3.0305	2.9351	2.8508	2.7759	2.707	2.6474	2.5961	2.5511	2.5123	2.4827	2.4553	2.436	2.4193	2.409
"Tajikistan"	762	3.5682	3.5167	3.4456	3.302	3.1755	3.0662	2.9649	2.8747	2.7919	2.7158	2.6493	2.5891	2.5367	2.4931	2.457	2.4291	2.4061
"Turkmenistan"	795	2.4656	2.5093	2.5191	2.4475	2.3874	2.3449	2.3106	2.2908	2.2775	2.269	2.2668	2.2678	2.271	2.2737	2.2797	2.2839	2.2901
"Uzbekistan"	860	2.579	2.6101	2.6142	2.5384	2.475	2.4295	2.3937	2.3659	2.3478	2.335	2.3265	2.3223	2.3199	2.3199	2.3201	2.3215	2.3251
"Southern Asia"	5501	2.667995641	2.692850848	2.67788697	2.581871414	2.511065721	2.464417618	2.424544273	2.38758899	2.35467832	2.331651307	2.316891738	2.307847785	2.302574164	2.299072481	2.29760124	2.297434208	2.29886317
"Afghanistan"	4	4.495	3.9267	3.5159	3.1726	2.9221	2.7345	2.5871	2.4722	2.3849	2.3208	2.2739	2.246	2.2311	2.2257	2.2262	2.2306	2.2385
"Bangladesh"	50	2.3257	2.3452	2.342	2.2642	2.2123	2.1801	2.1676	2.1675	2.1754	2.186	2.1997	2.2164	2.2301	2.2426	2.2543	2.2653	2.2767
"Bhutan"	64	2.1764	2.1908	2.1902	2.1235	2.0861	2.0766	2.0852	2.1047	2.1296	2.1504	2.1757	2.1966	2.2137	2.2302	2.2461	2.2582	2.27
"India"	356	2.5929	2.631	2.6353	2.5567	2.4892	2.4364	2.3918	2.3581	2.3321	2.3157	2.3037	2.2952	2.292	2.2913	2.2918	2.2933	2.2958
"Iran (Islamic Republic of)"	364	1.8684	1.9249	1.99	2.007	2.0432	2.0783	2.1101	2.1385	2.162	2.1876	2.2076	2.2264	2.2418	2.2542	2.2681	2.2792	2.2888
"Maldives"	462	2.2335	2.2289	2.2239	2.163	2.1432	2.1497	2.1669	2.1853	2.202	2.2185	2.2351	2.2483	2.2609	2.2725	2.2831	2.292	2.3005
"Nepal"	524	2.3428	2.3475	2.3458	2.274	2.2286	2.2005	2.1917	2.1905	2.1964	2.2071	2.2188	2.2303	2.2421	2.2522	2.2642	2.2735	2.2833
"Pakistan"	586	3.6276	3.501	3.3798	3.201	3.0513	2.9213	2.8093	2.7114	2.6273	2.555	2.4943	2.4459	2.4081	2.379	2.3585	2.3414	2.3304
"Sri Lanka"	144	2.2764	2.3557	2.4031	2.3611	2.3324	2.3157	2.3026	2.2965	2.2936	2.2932	2.2947	2.2982	2.3028	2.3077	2.3118	2.316	2.3206
"South-Eastern Asia"	920	2.498417488	2.561843398	2.596493337	2.548978946	2.508240055	2.467864783	2.433352932	2.405894917	2.384782282	2.369084619	2.356969934	2.347623788	2.341688772	2.337049219	2.33417015	2.333252071	2.333440021
"Brunei Darussalam"	96	2.0688	2.1553	2.2154	2.1931	2.1835	2.1815	2.1869	2.196	2.2071	2.2186	2.2298	2.2422	2.2524	2.2626	2.2728	2.2822	2.2909
"Cambodia"	116	2.7762	2.7862	2.7701	2.674	2.595	2.5253	2.4676	2.4184	2.3817	2.353	2.3333	2.3179	2.3072	2.2995	2.2977	2.2949	2.2971
"Indonesia"	360	2.6066	2.6401	2.6436	2.5661	2.5021	2.4513	2.4145	2.3873	2.366	2.353	2.3444	2.3375	2.3358	2.3347	2.3338	2.3354	2.3373
"Lao People's Dem. Republic"	418	3.0205	2.9281	2.8403	2.6874	2.566	2.4685	2.3902	2.3371	2.3009	2.2786	2.2667	2.2627	2.2625	2.2661	2.2725	2.2797	2.2866
"Malaysia"	458	2.145	2.2323	2.2876	2.2553	2.2366	2.2268	2.2244	2.2258	2.23	2.2378	2.2476	2.2548	2.2636	2.2722	2.2803	2.2874	2.2933
"Myanmar"	104	2.3842	2.4354	2.4541	2.3912	2.3427	2.3108	2.2894	2.2781	2.27	2.2693	2.2719	2.2747	2.28	2.2841	2.2909	2.2968	2.3033
"Philippines"	608	3.1166	3.1175	3.0901	2.9721	2.872	2.7788	2.6977	2.6199	2.5566	2.5018	2.457	2.4207	2.3901	2.3675	2.3503	2.3384	2.3294
"Singapore"	702	1.5111	1.687	1.809	1.8305	1.8508	1.868	1.8845	1.8996	1.914	1.9254	1.9378	1.9476	1.9584	1.967	1.9745	1.9826	1.9895
"Thailand"	764	1.7077	1.8161	1.9333	1.9728	2.0114	2.0484	2.0831	2.1153	2.1426	2.1692	2.1913	2.2114	2.2304	2.2458	2.2586	2.2702	2.2797
"Timor-Leste"	626	5.5775	5.1839	4.7984	4.3821	4.0251	3.7324	3.4927	3.2971	3.1327	2.9915	2.873	2.7656	2.6743	2.5957	2.5348	2.4834	2.4432
"Viet Nam"	704	2.2007	2.3419	2.4327	2.4274	2.4236	2.4209	2.4169	2.4158	2.414	2.4129	2.4105	2.4105	2.41	2.4077	2.4085	2.4079	2.4072
"Western Asia"	922	2.994344744	3.01039151	3.008368139	2.927243334	2.851169628	2.781840832	2.723714273	2.677430598	2.640378231	2.609334397	2.579851412	2.556269068	2.536650142	2.518565974	2.50294857	2.484257023	2.465942863
"Armenia"	51	1.7572	1.9004	2.0248	2.0512	2.0797	2.1077	2.133	2.1577	2.1804	2.1998	2.2176	2.235	2.2491	2.2618	2.2728	2.2818	2.291
"Azerbaijan"	31	2.4723	2.5499	2.5904	2.5395	2.4977	2.4626	2.436	2.4163	2.4008	2.3886	2.3808	2.3745	2.3699	2.3664	2.3648	2.3643	2.3639
"Bahrain"	48	2.2289	2.2754	2.2944	2.2343	2.1962	2.177	2.1701	2.171	2.1797	2.1921	2.2054	2.2193	2.23	2.2417	2.254	2.2652	2.2749
"Cyprus"	196	1.6701	1.8225	1.9596	1.9991	2.0354	2.0714	2.1039	2.1331	2.1592	2.1837	2.2053	2.223	2.2388	2.2527	2.2662	2.2759	2.2861
"Georgia"	268	2.0689	2.2271	2.3339	2.3399	2.3469	2.3508	2.355	2.3583	2.3609	2.3636	2.3677	2.3689	2.3703	2.3697	2.3722	2.3724	2.3732
"Iraq"	368	4.6001	4.4887	4.3551	4.1505	3.9688	3.8087	3.6659	3.5357	3.4177	3.3142	3.2141	3.1223	3.0363	2.9552	2.881	2.807	2.7401
"Israel"	376	3.1761	3.2116	3.2094	3.116	3.0292	2.9519	2.8768	2.8058	2.7394	2.6797	2.6254	2.5794	2.5394	2.5074	2.4777	2.4558	2.4375
"Jordan"	400	3.4462	3.3418	3.2374	3.0667	2.9191	2.7933	2.6817	2.5883	2.5103	2.4465	2.3991	2.3657	2.3397	2.3216	2.3118	2.3059	2.3022
"Kuwait"	414	2.2925	2.366	2.4238	2.4009	2.3841	2.3718	2.3642	2.3607	2.3576	2.3563	2.3571	2.3581	2.3593	2.3597	2.3606	2.3627	2.3633
"Lebanon"	422	1.9592	2.1044	2.2033	2.2059	2.2104	2.215	2.223	2.2325	2.2416	2.2523	2.2622	2.2712	2.279	2.2875	2.2942	2.3014	2.3066
"Oman"	512	2.7647	2.6564	2.5624	2.4112	2.3011	2.23	2.193	2.1831	2.1899	2.2045	2.2187	2.232	2.2447	2.2567	2.2685	2.2783	2.2876
"Qatar"	634	2.1989	2.2432	2.262	2.2072	2.1723	2.1549	2.1502	2.1554	2.1662	2.1816	2.197	2.2135	2.2275	2.2414	2.2532	2.2645	2.2751
"Saudi Arabia"	682	2.8428	2.7933	2.7314	2.6023	2.4937	2.4072	2.342	2.2965	2.2687	2.253	2.2441	2.2453	2.249	2.2556	2.2621	2.2689	2.2774
"State of Palestine"	275	4.1959	4.0509	3.8986	3.6846	3.5052	3.3495	3.2113	3.091	2.9878	2.8896	2.8013	2.7215	2.649	2.5865	2.5364	2.4904	2.4531
"Syrian Arab Republic"	760	3.0213	2.9621	2.8909	2.7456	2.6216	2.5191	2.435	2.3717	2.3241	2.2915	2.2728	2.2595	2.2579	2.2566	2.2618	2.2657	2.2721
"Turkey"	792	2.2552	2.3242	2.3626	2.317	2.285	2.2635	2.2522	2.2481	2.2481	2.251	2.255	2.2622	2.2702	2.2756	2.2834	2.2908	2.2961
"United Arab Emirates"	784	1.9785	2.0594	2.1192	2.104	2.1047	2.115	2.1313	2.151	2.1706	2.1899	2.2076	2.2256	2.2403	2.2528	2.2653	2.2763	2.2853
"Yemen"	887	4.0359	3.758	3.52	3.2489	3.019	2.8248	2.6573	2.5121	2.3936	2.3028	2.2344	2.1954	2.1699	2.1622	2.1674	2.177	2.1928
"Europe"	908	1.872983098	2.054137386	2.19339283	2.227658534	2.255236313	2.275601516	2.287645418	2.297763105	2.308953774	2.320512605	2.33182508	2.339494567	2.343849755	2.346406861	2.350090523	2.354741367	2.360641776
"Eastern Europe"	923	1.84572894	2.032367432	2.173353381	2.211949332	2.245997982	2.271303117	2.288693107	2.303243274	2.316345413	2.328885596	2.341405433	2.349276103	2.354555685	2.358711377	2.363754182	2.368414653	2.373579909
"Belarus"	112	1.8939	2.0907	2.2282	2.2575	2.2812	2.3013	2.3166	2.3299	2.3391	2.3476	2.3545	2.3601	2.3654	2.3691	2.3726	2.3755	2.378
"Bulgaria"	100	1.8482	2.059	2.2056	2.2434	2.2714	2.2932	2.3107	2.3255	2.3369	2.3466	2.3531	2.3601	2.3644	2.3674	2.371	2.3735	2.3752
"Czech Republic"	203	1.7862	2.0023	2.1549	2.1979	2.2316	2.2578	2.2792	2.2972	2.3106	2.3224	2.3325	2.3393	2.3462	2.3513	2.3558	2.3596	2.3616
"Hungary"	348	1.6522	1.8577	2.0033	2.0454	2.0803	2.1113	2.137	2.1612	2.1817	2.1981	2.2134	2.2264	2.2379	2.2482	2.2568	2.2621	2.2693
"Poland"	616	1.5774	1.7334	1.8842	1.933	1.9808	2.023	2.0634	2.0993	2.1318	2.1574	2.1823	2.2033	2.2217	2.2381	2.2514	2.2636	2.2751
"Republic of Moldova"	498	1.4793	1.6416	1.8053	1.8667	1.9224	1.9743	2.0219	2.0642	2.1014	2.1326	2.1603	2.1864	2.2069	2.2251	2.2394	2.2523	2.2659
"Romania"	642	1.7848	1.981	2.1176	2.1507	2.1789	2.2016	2.2224	2.2393	2.255	2.2668	2.2774	2.2867	2.2956	2.3015	2.3066	2.3121	2.3165
"Russian Federation"	643	1.967	2.1601	2.2922	2.3185	2.3386	2.3536	2.3659	2.3757	2.3819	2.3875	2.3942	2.3978	2.4008	2.4033	2.4059	2.4072	2.4098
"Slovakia"	703	1.6879	1.8968	2.045	2.0878	2.1235	2.1529	2.1805	2.203	2.2218	2.2381	2.2505	2.2627	2.2705	2.279	2.2891	2.2945	2.3008
"Ukraine"	804	1.805	2.0079	2.1508	2.1867	2.2153	2.2412	2.2614	2.2782	2.292	2.303	2.3134	2.3206	2.3274	2.3327	2.3385	2.3416	2.3448
"Northern Europe"	924	2.126767133	2.279014565	2.379615723	2.380172562	2.382438638	2.385496399	2.387678563	2.388017157	2.388660077	2.388580908	2.389033582	2.390223076	2.390782469	2.391249156	2.391096996	2.390896268	2.391444964
"Channel Islands"	830	1.7388	1.917	2.042	2.0656	2.0868	2.1054	2.1226	2.1373	2.1513	2.1647	2.1766	2.1863	2.1948	2.2021	2.21	2.2162	2.2215
"Denmark"	208	2.0105	2.1845	2.3035	2.3172	2.3288	2.3408	2.3476	2.3537	2.3584	2.3624	2.3654	2.3679	2.3704	2.3717	2.3742	2.3748	2.3763
"Estonia"	233	1.9056	2.1054	2.2418	2.2696	2.2906	2.3096	2.3233	2.3344	2.3433	2.3491	2.3553	2.3594	2.3631	2.3662	2.3693	2.3714	2.3733
"Finland"	246	2.0155	2.1798	2.2912	2.3018	2.3095	2.3166	2.3239	2.3288	2.3325	2.3362	2.3396	2.3411	2.3441	2.3449	2.3478	2.3485	2.3491
"Iceland"	352	2.1508	2.258	2.3276	2.305	2.2919	2.2833	2.2798	2.2785	2.2802	2.2831	2.2854	2.2923	2.2972	2.3012	2.3065	2.3113	2.3156
"Ireland"	372	2.2478	2.3863	2.4757	2.4685	2.4623	2.4571	2.4531	2.4505	2.4477	2.4452	2.4413	2.4398	2.4379	2.435	2.4337	2.4316	2.4298
"Latvia"	428	1.8014	2.0088	2.154	2.1912	2.2211	2.2445	2.2658	2.2826	2.2963	2.307	2.3159	2.3248	2.3314	2.3372	2.3417	2.3455	2.3493
"Lithuania"	440	1.8832	2.0811	2.2186	2.2505	2.2751	2.2943	2.3098	2.3229	2.3336	2.342	2.3493	2.3556	2.3602	2.3653	2.368	2.3716	2.3736
"Norway"	578	2.0619	2.2227	2.331	2.338	2.3435	2.3487	2.3529	2.3571	2.3602	2.3627	2.365	2.3675	2.3686	2.3693	2.3707	2.372	2.373
"Sweden"	752	2.1754	2.3288	2.4315	2.4342	2.4364	2.4379	2.4393	2.4424	2.4437	2.4434	2.4447	2.4447	2.445	2.4448	2.4448	2.4449	2.4445
"United Kingdom"	826	2.158	2.3016	2.3971	2.3941	2.3924	2.3916	2.3917	2.3899	2.3896	2.3887	2.3882	2.3886	2.3882	2.3885	2.3877	2.3872	2.3878
"Southern Europe"	925	1.703940638	1.88751181	2.019014041	2.049755077	2.086762678	2.127351502	2.159866094	2.182062238	2.198978831	2.212367559	2.225773584	2.240238223	2.255025573	2.266523675	2.274799436	2.279665682	2.285851647
"Albania"	8	2.0252	2.1687	2.2644	2.2645	2.2645	2.2676	2.2723	2.2756	2.2798	2.2841	2.291	2.2976	2.3041	2.3083	2.3126	2.3181	2.323
"Bosnia and Herzegovina"	70	1.4796	1.6303	1.7909	1.8531	1.9101	1.963	2.0129	2.0554	2.0933	2.1269	2.1546	2.1788	2.2011	2.2204	2.2371	2.2494	2.2609
"Croatia"	191	1.7271	1.8777	2.0085	2.0424	2.0746	2.1064	2.1334	2.1598	2.1814	2.2024	2.2186	2.2359	2.2492	2.2619	2.2724	2.2822	2.291
"Greece"	300	1.5528	1.7148	1.8685	1.9215	1.9717	2.0153	2.0566	2.0939	2.1265	2.153	2.1778	2.1991	2.2185	2.2344	2.2507	2.2633	2.2735
"Italy"	380	1.74	1.9435	2.0865	2.1235	2.1562	2.1826	2.2052	2.2252	2.2413	2.2551	2.268	2.2773	2.2871	2.294	2.3015	2.3065	2.3123
"Malta"	470	1.7382	1.9346	2.0748	2.1115	2.1444	2.1717	2.1938	2.2155	2.2346	2.2494	2.2623	2.2746	2.2841	2.2928	2.3	2.3082	2.3144
"Montenegro"	499	1.9046	2.0312	2.1344	2.1464	2.1592	2.1735	2.1898	2.2058	2.2208	2.2353	2.2481	2.261	2.2713	2.2815	2.2889	2.2965	2.3037
"Portugal"	620	1.4899	1.6476	1.8093	1.8698	1.9242	1.9759	2.0217	2.0628	2.1002	2.1327	2.1615	2.1841	2.2057	2.2235	2.24	2.2528	2.2649
"Serbia"	688	1.8447	2.0237	2.1489	2.1724	2.1936	2.2122	2.2293	2.2447	2.2567	2.2675	2.2792	2.2888	2.2961	2.3033	2.3096	2.3153	2.3205
"Slovenia"	705	1.896	2.0991	2.2373	2.2706	2.2956	2.3144	2.3293	2.3434	2.3519	2.3604	2.3673	2.3719	2.377	2.3807	2.3844	2.3866	2.3889
"Spain"	724	1.6316	1.8341	1.9791	2.0185	2.0529	2.084	2.1115	2.1341	2.1543	2.1712	2.1853	2.1995	2.2106	2.2222	2.2322	2.2395	2.2474
"TFYR Macedonia"	807	1.8033	1.9875	2.1173	2.1455	2.1702	2.1911	2.211	2.2274	2.2424	2.2552	2.2669	2.2772	2.2867	2.2954	2.3029	2.3077	2.3129
"Western Europe"	926	1.938961756	2.121203719	2.254506102	2.277598224	2.286838252	2.289219041	2.29446776	2.3082209	2.323908985	2.335242643	2.340842888	2.342337475	2.343594523	2.346392462	2.352461756	2.359064074	2.364495019
"Austria"	40	1.7768	1.9776	2.1186	2.1555	2.1841	2.2082	2.2293	2.247	2.2625	2.2751	2.2855	2.2945	2.3027	2.3085	2.316	2.3216	2.3252
"Belgium"	56	2.0813	2.2432	2.3527	2.3613	2.3673	2.373	2.3778	2.3831	2.3853	2.3876	2.3894	2.3913	2.394	2.3939	2.3953	2.3956	2.3963
"France"	250	2.2395	2.3813	2.4764	2.4719	2.4692	2.4668	2.4643	2.464	2.4628	2.4604	2.4582	2.4576	2.4572	2.4566	2.4559	2.4544	2.4538
"Germany"	276	1.6861	1.8749	2.0096	2.0417	2.069	2.0948	2.1167	2.1369	2.154	2.1682	2.1814	2.1929	2.2045	2.2138	2.2228	2.231	2.2391
"Luxembourg"	442	1.8614	2.0473	2.1768	2.202	2.2224	2.2397	2.2542	2.2666	2.2767	2.2848	2.2913	2.2983	2.301	2.3073	2.3116	2.313	2.3169
"Netherlands"	528	2.0193	2.1837	2.2957	2.3063	2.3151	2.323	2.3302	2.3368	2.3428	2.346	2.3501	2.3526	2.3548	2.3573	2.3592	2.3611	2.3624
"Switzerland"	756	1.8237	2.0163	2.1539	2.1833	2.2097	2.2308	2.2486	2.2633	2.2748	2.2857	2.2941	2.3022	2.3099	2.3159	2.3213	2.3257	2.3297
"Latin America and the Caribbean"	904	2.295495314	2.360318929	2.394325288	2.346345286	2.313332366	2.292149295	2.279806225	2.272500704	2.269791336	2.269493469	2.271979257	2.275814551	2.280551141	2.285161635	2.291158837	2.296213627	2.301367502
"Caribbean"	915	2.433932651	2.498615796	2.531131218	2.473852892	2.426649553	2.387856938	2.355580646	2.3316329	2.313270773	2.301285744	2.29161295	2.287517755	2.286402209	2.287696208	2.291476983	2.294495679	2.298559373
"Antigua and Barbuda"	28	2.2828	2.3814	2.4402	2.4056	2.3778	2.3585	2.3424	2.3348	2.3293	2.3258	2.3243	2.3237	2.3255	2.3267	2.3299	2.3297	2.3335
"Aruba"	533	1.8743	2.0133	2.1286	2.1459	2.1642	2.1829	2.1989	2.2169	2.2319	2.2471	2.2592	2.2706	2.2808	2.2902	2.2995	2.3061	2.3127
"Bahamas"	44	2.0805	2.1937	2.2719	2.2582	2.2501	2.2483	2.249	2.2531	2.2578	2.2652	2.2713	2.2765	2.2837	2.2889	2.2963	2.3022	2.3074
"Barbados"	52	2.0505	2.2101	2.3192	2.3268	2.3319	2.3386	2.3442	2.3491	2.3532	2.3562	2.3589	2.3613	2.3625	2.3636	2.3657	2.3668	2.3678
"Cuba"	192	1.8317	1.9698	2.0865	2.1048	2.1247	2.1457	2.1666	2.1872	2.2032	2.2204	2.2346	2.2488	2.262	2.2728	2.2835	2.2916	2.2982
"Curacao"	531	2.3039	2.4127	2.478	2.4505	2.4279	2.413	2.4002	2.3907	2.3829	2.3782	2.3749	2.3716	2.3706	2.3688	2.3695	2.3682	2.3671
"Dominican Republic"	214	2.6266	2.6418	2.6253	2.5289	2.4477	2.3864	2.3401	2.3087	2.2884	2.2759	2.27	2.2694	2.2709	2.2732	2.2798	2.2865	2.2923
"Grenada"	308	2.3261	2.3821	2.4048	2.3464	2.3069	2.2772	2.2608	2.2541	2.2517	2.2532	2.2583	2.2652	2.2713	2.2778	2.2845	2.2903	2.2968
"Guadeloupe"	312	2.3546	2.4485	2.5035	2.4695	2.4417	2.4227	2.4077	2.3973	2.3896	2.3842	2.3812	2.3787	2.3774	2.3759	2.3743	2.3725	2.3728
"Haiti"	332	3.097	3.0276	2.9572	2.8179	2.7057	2.6098	2.5296	2.4658	2.4138	2.3747	2.3438	2.3244	2.3105	2.3027	2.2985	2.2953	2.2967
"Jamaica"	388	2.2401	2.3162	2.3626	2.3228	2.2991	2.2838	2.2745	2.2721	2.273	2.2772	2.2799	2.2865	2.2916	2.297	2.303	2.3079	2.3124
"Martinique"	474	2.1252	2.2308	2.3121	2.3034	2.2991	2.2974	2.2984	2.3033	2.3063	2.3126	2.3175	2.3214	2.3268	2.3315	2.3354	2.3377	2.3425
"Puerto Rico"	630	1.837	1.9638	2.0714	2.0887	2.108	2.1296	2.1508	2.1706	2.1901	2.2078	2.223	2.2378	2.2516	2.2621	2.2729	2.283	2.2914
"Saint Lucia"	662	2.0718	2.1415	2.1906	2.1579	2.1456	2.1468	2.1565	2.1688	2.1837	2.1982	2.2155	2.2282	2.2418	2.255	2.2666	2.276	2.2858
"St. Vincent and the Grenadines"	670	2.1517	2.2123	2.2489	2.2116	2.1928	2.1902	2.1924	2.2	2.2099	2.2225	2.2353	2.2486	2.2594	2.2702	2.2806	2.2888	2.2963
"Trinidad and Tobago"	780	1.9796	2.09	2.1771	2.177	2.1834	2.192	2.2046	2.2181	2.2308	2.2435	2.2542	2.2661	2.2745	2.2831	2.2927	2.3	2.3059
"United States Virgin Islands"	850	2.4337	2.4851	2.5082	2.452	2.4106	2.3809	2.3606	2.3477	2.3403	2.335	2.3329	2.3328	2.3331	2.3341	2.3376	2.3386	2.3412
"Central America"	916	2.463425191	2.483990833	2.479718731	2.401343107	2.344714684	2.306295153	2.284797885	2.274114318	2.269953049	2.269402411	2.271979865	2.276221134	2.281112378	2.285680029	2.290971141	2.295516139	2.299580706
"Belize"	84	2.7117	2.7137	2.6942	2.5952	2.5121	2.4451	2.3911	2.3489	2.3179	2.2978	2.2842	2.2783	2.2744	2.2744	2.2775	2.2808	2.2838
"Costa Rica"	188	2.0145	2.1022	2.1718	2.1637	2.1663	2.1764	2.1879	2.2021	2.2151	2.2277	2.2408	2.2525	2.2649	2.2747	2.2838	2.2914	2.299
"El Salvador"	222	2.1232	2.1908	2.2294	2.1907	2.1682	2.1589	2.1612	2.1668	2.1764	2.1892	2.2023	2.2163	2.2306	2.2424	2.2546	2.265	2.2742
"Guatemala"	320	3.2832	3.2176	3.1406	2.9978	2.8797	2.7789	2.6932	2.6171	2.552	2.5017	2.4561	2.4205	2.3944	2.3699	2.3547	2.3433	2.3334
"Honduras"	340	2.5013	2.5003	2.4877	2.3997	2.3362	2.2904	2.2596	2.2393	2.2283	2.2276	2.2299	2.2342	2.2424	2.2506	2.2596	2.269	2.2769
"Mexico"	484	2.3886	2.4067	2.3988	2.3191	2.2639	2.2299	2.2157	2.2138	2.2186	2.2255	2.2368	2.2486	2.2591	2.2691	2.2782	2.2859	2.293
"Nicaragua"	558	2.4107	2.4309	2.429	2.3526	2.2961	2.2586	2.2351	2.2262	2.2248	2.2292	2.2339	2.2433	2.2516	2.26	2.2693	2.2771	2.2854
"Panama"	591	2.6074	2.6507	2.6606	2.5831	2.5191	2.4658	2.4239	2.3928	2.3712	2.3552	2.342	2.3333	2.3295	2.3259	2.3241	2.3247	2.3257
"South America"	931	2.208900779	2.29022287	2.340989681	2.307775916	2.286772631	2.275371906	2.269572503	2.265732341	2.265357765	2.266293853	2.269741129	2.274114857	2.279620336	2.2847377	2.291217145	2.296607468	2.302407181
"Argentina"	32	2.5187	2.5962	2.6306	2.5715	2.5213	2.4773	2.4434	2.415	2.3941	2.377	2.3643	2.3546	2.3481	2.3433	2.3411	2.3411	2.3401
"Bolivia (Plurinational State of)"	68	3.0806	3.0558	3.0122	2.8931	2.7917	2.7033	2.627	2.5592	2.5047	2.4554	2.419	2.3913	2.3672	2.3494	2.3376	2.3288	2.3236
"Brazil"	76	1.9939	2.091	2.1621	2.1523	2.1516	2.1586	2.1698	2.1822	2.197	2.2105	2.2252	2.2378	2.251	2.2622	2.2737	2.283	2.2919
"Chile"	152	1.9773	2.1031	2.1993	2.2008	2.2077	2.2153	2.2261	2.2389	2.2493	2.2601	2.2699	2.28	2.2887	2.2958	2.3035	2.31	2.3154
"Colombia"	170	2.0791	2.1429	2.1904	2.1654	2.1585	2.1631	2.1715	2.1852	2.1996	2.214	2.2267	2.2406	2.2538	2.2646	2.2752	2.2835	2.2926
"Ecuador"	218	2.6935	2.718	2.7115	2.6174	2.5387	2.4718	2.4196	2.3777	2.3471	2.3243	2.3107	2.3005	2.297	2.2941	2.2938	2.2955	2.2985
"French Guiana"	254	3.5336	3.5147	3.4684	3.3431	3.2366	3.142	3.0573	2.9788	2.9061	2.8388	2.7762	2.7195	2.666	2.6224	2.5841	2.5488	2.5209
"Guyana"	328	2.7241	2.7656	2.7718	2.6891	2.6157	2.5527	2.5004	2.4551	2.4205	2.3929	2.3711	2.3556	2.3436	2.3353	2.3311	2.3269	2.3263
"Paraguay"	600	2.6957	2.7215	2.7163	2.628	2.5503	2.4867	2.4366	2.3937	2.3595	2.3363	2.3176	2.3066	2.2976	2.2926	2.2925	2.2922	2.2939
"Peru"	604	2.6006	2.6251	2.6155	2.5245	2.45	2.3877	2.3439	2.3104	2.2887	2.2751	2.2698	2.2691	2.2708	2.2737	2.279	2.2848	2.2919
"Suriname"	740	2.5271	2.571	2.5788	2.5034	2.4404	2.3938	2.3607	2.3353	2.3175	2.3075	2.3014	2.2994	2.3018	2.3018	2.3052	2.3086	2.3137
"Uruguay"	858	2.2304	2.3363	2.4015	2.3727	2.3519	2.3382	2.3263	2.3214	2.3182	2.3164	2.3167	2.3176	2.3202	2.3213	2.3247	2.3271	2.3303
"Venezuela (Bolivarian Republic of)"	862	2.5316	2.5718	2.5792	2.5009	2.4364	2.3866	2.3521	2.3262	2.3078	2.2964	2.2893	2.2889	2.2897	2.2907	2.295	2.2968	2.3022
"Northern America"	905	2.11468092	2.269124147	2.377497517	2.38242689	2.387040269	2.391245982	2.396374515	2.400736323	2.404782784	2.4073534	2.40997407	2.411941767	2.413730513	2.415091541	2.416249178	2.417178784	2.417339956
"Canada"	124	1.8133	1.955	2.0765	2.097	2.1211	2.1437	2.1651	2.1861	2.2043	2.2209	2.2366	2.251	2.2628	2.2744	2.2845	2.293	2.2994
"United States of America"	840	2.1471	2.3029	2.4079	2.4109	2.4151	2.4183	2.421	2.4227	2.4249	2.426	2.4275	2.4284	2.4291	2.4292	2.4293	2.4294	2.4289
"Oceania"	909	2.600625426	2.699743168	2.742239939	2.67980192	2.626269079	2.586425329	2.557580486	2.533581227	2.50875937	2.483172573	2.458847417	2.437365289	2.420441201	2.405885909	2.394227587	2.383509626	2.374142944
"Australia/New Zealand"	927	2.132492281	2.246276859	2.321478814	2.303685964	2.291384762	2.286874481	2.285878773	2.28741685	2.288464606	2.291837278	2.295025578	2.299032775	2.304329044	2.308325074	2.313531437	2.31755105	2.321160453
"Australia"	36	2.1105	2.2265	2.3059	2.2923	2.2833	2.2805	2.2801	2.2825	2.2849	2.2896	2.2934	2.2979	2.3032	2.3071	2.3127	2.317	2.3208
"New Zealand"	554	2.2363	2.338	2.3997	2.3694	2.3463	2.3314	2.32	2.3139	2.3084	2.3061	2.3072	2.3086	2.3122	2.3159	2.3184	2.3211	2.324
"Melanesia"	928	3.691786177	3.645659931	3.574819937	3.424411259	3.293114473	3.174307552	3.072175795	2.980328734	2.899082358	2.820689578	2.749604932	2.684201172	2.626932534	2.575733835	2.531410683	2.494584519	2.464532953
"Fiji"	242	2.7304	2.768	2.7687	2.6777	2.6003	2.5356	2.4799	2.439	2.4059	2.3799	2.3605	2.3484	2.3393	2.333	2.3301	2.3278	2.3283
"New Caledonia"	540	2.2909	2.3667	2.411	2.371	2.3435	2.3226	2.311	2.304	2.303	2.3045	2.3059	2.3083	2.313	2.3159	2.319	2.3241	2.3275
"Papua New Guinea"	598	3.8341	3.7641	3.6726	3.5063	3.3644	3.2369	3.1268	3.0277	2.9408	2.8565	2.7807	2.7106	2.6496	2.5954	2.5482	2.509	2.4768
"Solomon Islands"	90	4.013	3.9098	3.7927	3.6069	3.4457	3.3025	3.1793	3.0669	2.9639	2.8708	2.782	2.7044	2.6336	2.5697	2.5175	2.4745	2.4408
"Vanuatu"	548	3.4679	3.4454	3.3988	3.2663	3.1524	3.0486	2.9543	2.8703	2.7892	2.7165	2.649	2.5898	2.5396	2.4944	2.4578	2.4266	2.4028
"Micronesia"	954	2.981598738	2.992953964	2.962613014	2.885827587	2.845937624	2.81035091	2.746013376	2.67311025	2.616921525	2.576246908	2.544105764	2.516690407	2.489274591	2.462313286	2.439229434	2.418503744	2.402212141
"Guam"	316	2.5674	2.6244	2.6428	2.5739	2.5144	2.4658	2.4289	2.3995	2.3792	2.3616	2.3491	2.3418	2.3353	2.3317	2.3293	2.3291	2.33
"Kiribati"	296	3.8284	3.7917	3.7305	3.5866	3.4584	3.3441	3.2403	3.1464	3.0594	2.9787	2.9014	2.8282	2.7607	2.6966	2.642	2.5916	2.5511
"Micronesia (Fed. States of)"	583	3.3266	3.272	3.202	3.0582	2.9367	2.8314	2.737	2.6525	2.5815	2.521	2.4673	2.426	2.3937	2.3696	2.3494	2.3359	2.3259
"Polynesia"	957	3.02670755	3.046976583	3.066862868	3.021679068	2.96312695	2.881648159	2.800100882	2.736490883	2.691353834	2.655730807	2.622479834	2.583999974	2.541149209	2.502272503	2.469863896	2.446086238	2.428959516
"French Polynesia"	258	2.2388	2.3177	2.3621	2.3227	2.2926	2.2713	2.2567	2.2513	2.249	2.2508	2.2556	2.2611	2.2666	2.2726	2.2792	2.2844	2.2911
"Samoa"	882	4.1508	4.0677	3.9643	3.7863	3.625	3.4874	3.3626	3.2481	3.1399	3.044	2.9547	2.8685	2.7871	2.7157	2.6477	2.5903	2.5438
"Tonga"	776	3.8266	3.789	3.7228	3.5758	3.4446	3.3265	3.2191	3.1203	3.033	2.9437	2.8621	2.7898	2.7218	2.6601	2.6037	2.5553	2.5144
