"name"	"country_code"	"2015-2020"	"2020-2025"	"2025-2030"	"2030-2035"	"2035-2040"	"2040-2045"	"2045-2050"	"2050-2055"	"2055-2060"	"2060-2065"	"2065-2070"	"2070-2075"	"2075-2080"	"2080-2085"	"2085-2090"	"2090-2095"	"2095-2100"
"Afghanistan"	4	3.8708	2.9326	2.3125	1.9857	1.7867	1.6337	1.5118	1.4131	1.3375	1.2757	1.2294	1.1974	1.1773	1.176	1.1883	1.2066	1.2315
"Albania"	8	1.5986	1.488	1.3921	1.3193	1.276	1.2611	1.2641	1.2866	1.3191	1.354	1.387	1.4176	1.4439	1.4669	1.4861	1.5033	1.5201
"Algeria"	12	2.3267	2.0739	1.8921	1.7541	1.6476	1.5644	1.5073	1.4646	1.4491	1.4456	1.457	1.4772	1.4977	1.5183	1.5355	1.5508	1.5638
"Angola"	24	5.5018	4.8831	4.2876	3.7316	3.2551	2.8678	2.5669	2.3385	2.1628	2.026	1.91	1.8169	1.7482	1.6884	1.6342	1.5972	1.5622
"Antigua and Barbuda"	28	1.8093	1.6735	1.5714	1.4965	1.4472	1.4182	1.4088	1.4082	1.4111	1.4244	1.4396	1.4518	1.469	1.4838	1.496	1.5093	1.522
"Argentina"	32	2.0378	1.8849	1.7647	1.673	1.5965	1.5416	1.5022	1.4719	1.4542	1.4459	1.444	1.4454	1.4517	1.4621	1.4703	1.4798	1.4874
"Armenia"	51	1.3049	1.1885	1.1105	1.0733	1.0773	1.1147	1.1661	1.2159	1.2611	1.3023	1.3372	1.3687	1.3955	1.4195	1.4395	1.4572	1.4727
"Aruba"	533	1.4163	1.2943	1.2123	1.1744	1.1672	1.2023	1.2482	1.297	1.3363	1.3763	1.4094	1.4373	1.4626	1.4819	1.498	1.5131	1.5248
"Australia"	36	1.6459	1.5151	1.4243	1.3586	1.3294	1.3251	1.3332	1.3507	1.3698	1.392	1.4138	1.4348	1.4556	1.4743	1.4897	1.5027	1.5142
"Austria"	40	1.4088	1.4136	1.4237	1.4346	1.4463	1.4567	1.4683	1.4769	1.4865	1.4946	1.5026	1.5097	1.515	1.519	1.5238	1.5282	1.5321
"Azerbaijan"	31	2.0205	1.8676	1.747	1.6549	1.5876	1.5329	1.5008	1.4814	1.4738	1.4776	1.4842	1.4971	1.5089	1.5212	1.5331	1.5423	1.5532
"Bahamas"	44	1.6157	1.4859	1.3891	1.3253	1.2849	1.2706	1.2771	1.2927	1.3137	1.3367	1.3634	1.3842	1.4059	1.4274	1.447	1.4639	1.4793
"Bahrain"	48	1.7532	1.5728	1.431	1.3193	1.2303	1.1683	1.1307	1.1157	1.1204	1.1416	1.1757	1.2144	1.2538	1.2966	1.3328	1.3678	1.3956
"Bangladesh"	50	1.8432	1.6427	1.4863	1.359	1.2614	1.1839	1.1413	1.1198	1.1182	1.1375	1.1704	1.2114	1.2531	1.2961	1.339	1.3792	1.4103
"Barbados"	52	1.6899	1.6622	1.6445	1.635	1.6291	1.6253	1.6225	1.6193	1.6167	1.6167	1.6162	1.6154	1.6148	1.6139	1.6111	1.61	1.6105
"Belarus"	112	1.5239	1.5307	1.5418	1.5525	1.5646	1.5735	1.5837	1.5903	1.5983	1.6026	1.6076	1.6105	1.6135	1.6165	1.6193	1.6219	1.622
"Belgium"	56	1.7178	1.6925	1.6792	1.6714	1.6657	1.6615	1.6603	1.66	1.6593	1.6593	1.6584	1.6566	1.6541	1.6532	1.6513	1.6524	1.6517
"Belize"	84	2.2034	1.981	1.8181	1.6886	1.5832	1.4978	1.43	1.3765	1.3423	1.3142	1.2995	1.298	1.3058	1.3201	1.3363	1.3561	1.3771
"Benin"	204	4.1927	3.701	3.2831	2.9351	2.6595	2.4337	2.2538	2.1102	1.9913	1.8911	1.8049	1.7307	1.6661	1.6157	1.5766	1.5392	1.5153
"Bhutan"	64	1.6919	1.4895	1.333	1.2136	1.1243	1.0644	1.0359	1.0356	1.0592	1.1048	1.1542	1.2065	1.2566	1.306	1.3455	1.3844	1.4151
"Bolivia (Plurinational State of)"	68	2.5492	2.2785	2.0808	1.9306	1.8134	1.7144	1.6326	1.5656	1.5138	1.4732	1.4405	1.4186	1.4024	1.3935	1.3876	1.3882	1.393
"Bosnia and Herzegovina"	70	1.0375	0.9298	0.8772	0.8709	0.9196	0.9996	1.0726	1.1336	1.1872	1.2358	1.2735	1.3093	1.3429	1.3668	1.3873	1.4054	1.4237
"Botswana"	72	2.4125	2.1597	1.9707	1.8149	1.6877	1.5834	1.5036	1.4386	1.3899	1.3559	1.3354	1.3304	1.334	1.3483	1.365	1.3877	1.4093
"Brazil"	76	1.5319	1.3886	1.2843	1.2118	1.1686	1.1502	1.1605	1.1837	1.2158	1.2502	1.2856	1.3252	1.3595	1.3911	1.4167	1.4401	1.4607
"Brunei Darussalam"	96	1.5991	1.4537	1.3481	1.2686	1.2199	1.1881	1.1807	1.1947	1.2169	1.2466	1.2799	1.3105	1.3443	1.3766	1.4064	1.4328	1.4503
"Bulgaria"	100	1.4797	1.5008	1.5233	1.5436	1.5617	1.5784	1.5921	1.6037	1.6108	1.6178	1.6227	1.6273	1.6314	1.6349	1.6365	1.6399	1.6403
"Burkina Faso"	854	4.9272	4.3465	3.8236	3.3637	2.9885	2.6827	2.4461	2.2609	2.1109	1.9885	1.8896	1.8021	1.7344	1.6766	1.6286	1.5861	1.549
"Burundi"	108	5.3652	4.7864	4.253	3.7757	3.36	3.0123	2.7353	2.5063	2.3215	2.1685	2.0477	1.9391	1.8537	1.7842	1.7267	1.6754	1.6348
"Cabo Verde"	132	1.9308	1.7251	1.5757	1.4591	1.3696	1.3017	1.2525	1.2245	1.2156	1.2211	1.2365	1.2654	1.2961	1.3276	1.3617	1.393	1.4211
"Cambodia"	116	2.2551	2.0268	1.8653	1.7416	1.6406	1.5605	1.4916	1.445	1.4037	1.3787	1.3604	1.3479	1.3456	1.3504	1.3541	1.3636	1.3767
"Cameroon"	120	4.1519	3.6959	3.3108	2.9887	2.7162	2.5041	2.3256	2.1792	2.0494	1.9475	1.855	1.7786	1.7179	1.6647	1.6141	1.5755	1.5442
"Canada"	124	1.3595	1.2435	1.1683	1.1304	1.1344	1.1705	1.2152	1.2604	1.2991	1.3379	1.3703	1.3995	1.4239	1.447	1.4669	1.4826	1.4978
"Central African Republic"	140	3.6845	3.1576	2.7401	2.4195	2.1914	2.0202	1.8904	1.7872	1.6996	1.6392	1.5861	1.5417	1.507	1.4818	1.4601	1.4467	1.4407
"Chad"	148	5.4732	4.7674	4.123	3.5686	3.1129	2.7557	2.4824	2.2752	2.1031	1.9677	1.8652	1.7766	1.7041	1.6486	1.5962	1.5559	1.5261
"Channel Islands"	830	1.3772	1.3617	1.3567	1.3554	1.355	1.3587	1.3612	1.3659	1.3686	1.3703	1.3729	1.3753	1.3807	1.3842	1.387	1.3891	1.3895
"Chile"	152	1.5153	1.3917	1.3105	1.2594	1.2401	1.2478	1.2725	1.3058	1.343	1.3754	1.4034	1.4279	1.4525	1.4752	1.4904	1.5057	1.5184
"China"	156	1.478	1.4695	1.4699	1.4728	1.4767	1.4813	1.4874	1.4918	1.4963	1.5003	1.505	1.5088	1.5134	1.5164	1.5176	1.519	1.5233
"China, Hong Kong SAR"	344	1.179	1.2095	1.2431	1.2754	1.3055	1.3343	1.3594	1.3818	1.4018	1.4188	1.437	1.4509	1.464	1.4728	1.4823	1.4897	1.4979
"China, Macao SAR"	446	1.2124	1.2759	1.3349	1.388	1.4298	1.468	1.4983	1.5213	1.5433	1.5589	1.5736	1.5833	1.5935	1.5982	1.6056	1.6101	1.6167
"Colombia"	170	1.6125	1.4462	1.3129	1.2135	1.1452	1.1087	1.1038	1.1246	1.1645	1.2094	1.2536	1.2961	1.3372	1.377	1.4085	1.4377	1.4605
"Comoros"	174	3.932	3.4865	3.1181	2.8231	2.5818	2.3839	2.2219	2.0866	1.9707	1.8689	1.7846	1.7114	1.6507	1.5962	1.5519	1.5182	1.4914
"Congo"	178	4.3482	3.9449	3.6022	3.3016	3.0432	2.8219	2.6305	2.4696	2.3253	2.2093	2.0981	2.0069	1.9227	1.8491	1.784	1.7348	1.691
"Costa Rica"	188	1.5515	1.3984	1.2865	1.203	1.1473	1.1314	1.1439	1.1774	1.2195	1.2632	1.3076	1.3449	1.3816	1.4115	1.436	1.4605	1.4785
"Cote d'Ivoire"	384	4.4721	4.0439	3.6854	3.3692	3.1068	2.8767	2.6859	2.5181	2.372	2.2411	2.1256	2.0242	1.9319	1.8532	1.7886	1.7309	1.6779
"Croatia"	191	1.2772	1.1624	1.0877	1.0609	1.0829	1.1353	1.1922	1.2434	1.2883	1.3277	1.3621	1.3921	1.414	1.4356	1.4549	1.4691	1.483
"Cuba"	192	1.3773	1.2597	1.1784	1.1367	1.1321	1.1546	1.2006	1.2461	1.2882	1.3244	1.3596	1.3883	1.4166	1.4395	1.4589	1.4737	1.4913
"Curacao"	531	1.883	1.7634	1.6811	1.6226	1.5832	1.5591	1.5504	1.5511	1.5537	1.5596	1.5668	1.572	1.5767	1.584	1.5891	1.5949	1.601
"Cyprus"	196	1.2227	1.1096	1.039	1.0146	1.0344	1.0929	1.1528	1.2073	1.2559	1.2978	1.3342	1.3678	1.3948	1.4184	1.4397	1.4594	1.4754
"Czech Republic"	203	1.418	1.4432	1.4695	1.4942	1.5156	1.5358	1.5506	1.5633	1.573	1.5846	1.5927	1.5987	1.6039	1.6076	1.6094	1.6126	1.6163
"Dem. People's Republic of Korea"	408	1.7175	1.5921	1.5038	1.4447	1.4095	1.4002	1.399	1.4085	1.4219	1.4354	1.4509	1.4689	1.483	1.4966	1.5105	1.5213	1.5341
"Democratic Republic of the Congo"	180	5.3439	4.6563	4.04	3.4941	3.0586	2.7126	2.447	2.2454	2.0819	1.9562	1.8564	1.7694	1.7062	1.646	1.6006	1.5605	1.5333
"Denmark"	208	1.6492	1.6378	1.6344	1.636	1.6376	1.6391	1.6412	1.6447	1.6466	1.6486	1.65	1.6521	1.652	1.6536	1.6536	1.6549	1.6575
"Djibouti"	262	2.6812	2.335	2.0944	1.9183	1.7806	1.6708	1.5792	1.5042	1.4486	1.4065	1.3736	1.3544	1.3426	1.3372	1.3406	1.3481	1.362
"Dominican Republic"	214	2.1366	1.9293	1.7628	1.6259	1.5159	1.4231	1.3521	1.2966	1.2635	1.2484	1.246	1.2586	1.2793	1.3067	1.3364	1.3691	1.3975
"Ecuador"	218	2.1982	1.997	1.8416	1.7151	1.6098	1.5238	1.4512	1.4006	1.3638	1.3432	1.327	1.3293	1.3346	1.3435	1.3611	1.3792	1.4001
"Egypt"	818	2.8839	2.6184	2.4114	2.2492	2.1073	1.9886	1.8904	1.7984	1.725	1.6643	1.6138	1.5742	1.5404	1.5171	1.5001	1.4856	1.4819
"El Salvador"	222	1.6465	1.4893	1.3698	1.2793	1.2187	1.1756	1.157	1.1531	1.1643	1.1887	1.2223	1.2548	1.2932	1.3285	1.3594	1.3897	1.4157
"Equatorial Guinea"	226	4.1782	3.5631	3.0423	2.6345	2.336	2.1232	1.9704	1.8477	1.751	1.6765	1.6149	1.5635	1.5254	1.4945	1.4678	1.4475	1.4413
"Eritrea"	232	3.712	3.253	2.8901	2.6014	2.3767	2.2003	2.0498	1.9324	1.8306	1.7444	1.6734	1.6143	1.5684	1.5321	1.4969	1.4709	1.4492
"Estonia"	233	1.5396	1.549	1.5619	1.5759	1.5871	1.5979	1.6059	1.6133	1.6208	1.6251	1.6294	1.6328	1.6342	1.6354	1.6392	1.6402	1.6403
"Ethiopia"	231	3.6469	2.9845	2.5077	2.1922	1.9785	1.819	1.692	1.5887	1.5098	1.4409	1.3903	1.3463	1.3147	1.2974	1.2931	1.2922	1.2955
"Fiji"	242	2.2363	2.0437	1.8947	1.771	1.6687	1.5853	1.5246	1.4746	1.4411	1.416	1.4028	1.3972	1.4008	1.4046	1.4139	1.4285	1.4434
"Finland"	246	1.6536	1.6302	1.6199	1.6152	1.6128	1.6103	1.6095	1.6088	1.6079	1.6105	1.6105	1.6097	1.6087	1.6093	1.6103	1.6079	1.6074
"France"	250	1.8763	1.8319	1.8012	1.7823	1.7666	1.7541	1.746	1.7398	1.7324	1.7268	1.7234	1.7195	1.7171	1.7129	1.7092	1.7064	1.7057
"French Guiana"	254	3.0097	2.7618	2.5698	2.4129	2.2789	2.1619	2.0642	1.9788	1.9054	1.8396	1.7878	1.7459	1.7073	1.6786	1.6566	1.6349	1.6174
"French Polynesia"	258	1.7633	1.6146	1.5051	1.4197	1.3597	1.3114	1.285	1.271	1.272	1.2828	1.3013	1.3176	1.3396	1.3637	1.3849	1.4095	1.429
"Gabon"	266	3.3785	2.991	2.6898	2.4503	2.2603	2.1109	1.982	1.8769	1.7915	1.7166	1.6515	1.6009	1.5616	1.528	1.5021	1.4841	1.4689
"Gambia"	270	5.2388	4.7434	4.2259	3.7131	3.23	2.8148	2.4895	2.2456	2.0579	1.9136	1.8059	1.7168	1.6483	1.5941	1.547	1.5109	1.4847
"Georgia"	268	1.7052	1.6743	1.6552	1.6434	1.6353	1.6292	1.6262	1.6212	1.6207	1.6179	1.6168	1.6158	1.6127	1.6107	1.6092	1.6075	1.6058
"Germany"	276	1.3229	1.3164	1.3188	1.3237	1.3299	1.3379	1.3429	1.3513	1.3591	1.3665	1.3716	1.3792	1.3851	1.3867	1.3895	1.3947	1.3984
"Ghana"	288	3.649	3.2792	2.985	2.7484	2.5507	2.3815	2.2361	2.1122	1.9999	1.9052	1.82	1.7499	1.6855	1.6314	1.5868	1.5551	1.5258
"Greece"	300	1.1084	1.0017	0.9428	0.9347	0.9806	1.0516	1.1187	1.1776	1.2283	1.2711	1.3089	1.342	1.3675	1.3938	1.414	1.4311	1.4465
"Grenada"	308	1.8493	1.6739	1.5372	1.4278	1.3471	1.2844	1.2479	1.2328	1.232	1.2465	1.2688	1.295	1.3246	1.3542	1.3847	1.4152	1.4393
"Guadeloupe"	312	1.9064	1.7606	1.6568	1.5848	1.543	1.5198	1.5203	1.5264	1.5379	1.55	1.5621	1.5723	1.584	1.5913	1.5975	1.605	1.6098
"Guam"	316	2.0826	1.9149	1.7814	1.6782	1.5933	1.528	1.4819	1.4499	1.4305	1.4217	1.4206	1.4284	1.4357	1.4466	1.4614	1.4749	1.4893
"Guatemala"	320	2.7342	2.403	2.1687	1.9983	1.861	1.7554	1.6695	1.5998	1.5408	1.4951	1.463	1.4363	1.4148	1.4053	1.3986	1.3986	1.4029
"Guinea"	324	4.4179	3.8869	3.426	3.0322	2.7223	2.4767	2.2781	2.1247	1.9975	1.8916	1.807	1.7381	1.6782	1.6281	1.5855	1.5512	1.5252
"Guinea-Bissau"	624	4.2537	3.7663	3.3541	3.0127	2.7281	2.499	2.3133	2.1625	2.0344	1.9298	1.8377	1.7617	1.6984	1.6426	1.5954	1.5545	1.5219
"Guyana"	328	2.2311	2.044	1.9017	1.7842	1.6881	1.6103	1.5486	1.4976	1.4628	1.4365	1.4206	1.411	1.4111	1.4135	1.4181	1.4272	1.4388
"Haiti"	332	2.5508	2.2402	2.0238	1.8602	1.734	1.6292	1.5411	1.4748	1.4253	1.3849	1.3566	1.3415	1.333	1.3316	1.339	1.3528	1.3702
"Honduras"	340	1.9634	1.7437	1.5939	1.4827	1.394	1.3255	1.2756	1.2483	1.2305	1.2281	1.2373	1.2545	1.2751	1.3038	1.3332	1.3631	1.388
"Hungary"	348	1.2835	1.2879	1.299	1.3098	1.3229	1.3342	1.3491	1.358	1.3705	1.3805	1.3899	1.3985	1.4087	1.4134	1.4191	1.425	1.4315
"Iceland"	352	1.6845	1.5485	1.4507	1.3765	1.3305	1.3099	1.3078	1.3151	1.3322	1.351	1.3783	1.3996	1.4209	1.4411	1.4619	1.4774	1.4901
"India"	356	2.0947	1.9042	1.7618	1.6475	1.5571	1.4893	1.4331	1.3949	1.3672	1.3503	1.3421	1.3428	1.3477	1.3572	1.3699	1.3851	1.4029
"Indonesia"	360	2.1166	1.9282	1.7887	1.6799	1.5884	1.5234	1.4717	1.4436	1.4269	1.4182	1.424	1.4325	1.447	1.4605	1.4777	1.4946	1.5087
"Iran (Islamic Republic of)"	364	1.3962	1.2214	1.092	1.0092	0.9756	0.9823	1.0307	1.0997	1.1729	1.2336	1.2879	1.3335	1.3704	1.4016	1.4324	1.4562	1.4749
"Iraq"	368	4.0529	3.6781	3.3689	3.1083	2.8892	2.7009	2.5376	2.3922	2.2658	2.1478	2.0485	1.9609	1.8798	1.8082	1.7494	1.6983	1.6548
"Ireland"	372	1.8844	1.8345	1.7996	1.7755	1.7589	1.7434	1.7318	1.7215	1.7145	1.7061	1.6989	1.6931	1.6881	1.6853	1.6808	1.6771	1.674
"Israel"	376	2.6662	2.4673	2.3069	2.1708	2.0542	1.955	1.872	1.7974	1.7349	1.6836	1.6408	1.6077	1.5839	1.5651	1.549	1.538	1.5315
"Italy"	380	1.3747	1.3817	1.3941	1.4098	1.4231	1.4358	1.447	1.4595	1.4693	1.4787	1.4888	1.4941	1.4999	1.5066	1.5119	1.5177	1.521
"Jamaica"	388	1.7652	1.6079	1.4943	1.405	1.3434	1.3068	1.2921	1.292	1.3023	1.3193	1.3436	1.3728	1.3978	1.4249	1.4486	1.4675	1.488
"Japan"	392	1.344	1.3516	1.3641	1.3793	1.3942	1.4063	1.4198	1.4307	1.4398	1.4522	1.4597	1.4682	1.4733	1.4822	1.4858	1.4925	1.4964
"Jordan"	400	2.9127	2.5806	2.3317	2.1299	1.9649	1.8231	1.7027	1.6018	1.5167	1.444	1.3952	1.3573	1.33	1.319	1.3187	1.3268	1.3431
"Kazakhstan"	398	2.3408	2.1676	2.034	1.9212	1.8314	1.7522	1.6928	1.6394	1.5984	1.5669	1.5432	1.5287	1.5191	1.5175	1.5181	1.5194	1.5231
"Kenya"	404	3.7967	3.3988	3.0844	2.824	2.6116	2.424	2.2631	2.1257	1.9993	1.8921	1.7941	1.7113	1.64	1.5818	1.5316	1.4921	1.4621
"Kiribati"	296	3.2898	3.0103	2.7872	2.605	2.4476	2.308	2.1855	2.0781	1.9812	1.8992	1.825	1.7597	1.7017	1.6569	1.6156	1.5898	1.5632
"Kuwait"	414	1.8139	1.6524	1.5367	1.4552	1.4033	1.3837	1.3971	1.4295	1.4635	1.4909	1.516	1.537	1.5544	1.5689	1.5801	1.5881	1.5955
"Kyrgyzstan"	417	2.6608	2.4271	2.2529	2.1138	1.9982	1.9007	1.8186	1.7487	1.6961	1.6527	1.616	1.588	1.5661	1.5505	1.5433	1.5373	1.5375
"Lao People's Democratic Republic"	418	2.4947	2.1835	1.9561	1.7772	1.6277	1.5069	1.4106	1.3365	1.2811	1.2434	1.2285	1.2302	1.2432	1.2667	1.2969	1.3343	1.3672
"Latvia"	428	1.434	1.4489	1.4666	1.4868	1.5021	1.5173	1.5305	1.5408	1.5493	1.5583	1.5644	1.5702	1.576	1.5801	1.5825	1.5882	1.5906
"Lebanon"	422	1.5084	1.3949	1.3123	1.2558	1.2292	1.2239	1.2365	1.2552	1.2817	1.3182	1.3501	1.3838	1.4124	1.4377	1.4609	1.4775	1.4958
"Lesotho"	426	2.728	2.4322	2.2174	2.0495	1.9171	1.807	1.7151	1.6381	1.5739	1.5279	1.4891	1.4614	1.4404	1.427	1.4214	1.4181	1.422
"Liberia"	430	4.1693	3.71	3.3168	2.9866	2.7109	2.4941	2.3131	2.1645	2.0412	1.9404	1.8526	1.7781	1.7144	1.6616	1.6186	1.5816	1.5492
"Libya"	434	2.0692	1.8342	1.6507	1.5079	1.3914	1.3026	1.2356	1.1958	1.1837	1.1955	1.2315	1.2696	1.3138	1.3568	1.3954	1.4292	1.4601
"Lithuania"	440	1.5135	1.5196	1.5302	1.5425	1.554	1.5652	1.5745	1.5833	1.5891	1.5967	1.6013	1.6065	1.6097	1.6127	1.6154	1.6175	1.6193
"Luxembourg"	442	1.4981	1.4939	1.4969	1.5028	1.5115	1.5182	1.5245	1.5304	1.5356	1.5404	1.5458	1.5483	1.5512	1.5538	1.5564	1.5584	1.5614
"Madagascar"	450	3.9088	3.5262	3.2095	2.9477	2.7235	2.5343	2.3783	2.2405	2.12	2.0161	1.9278	1.8454	1.775	1.7173	1.6617	1.6167	1.5814
"Malawi"	454	4.5844	4.1123	3.7015	3.3524	3.0512	2.7996	2.59	2.4121	2.2685	2.1411	2.0336	1.9364	1.8541	1.7822	1.7259	1.6739	1.6299
"Malaysia"	458	1.6753	1.5271	1.4186	1.3356	1.275	1.24	1.2274	1.2301	1.2418	1.2612	1.2865	1.3144	1.3418	1.3717	1.3988	1.4229	1.4432
"Maldives"	462	1.7478	1.5241	1.3577	1.2297	1.1304	1.0705	1.0523	1.0692	1.1153	1.1763	1.2377	1.2947	1.3447	1.3866	1.4208	1.4477	1.4749
"Mali"	466	5.6208	4.9215	4.2336	3.6158	3.1012	2.7119	2.4217	2.2119	2.0511	1.9168	1.8165	1.7338	1.6665	1.6162	1.572	1.5362	1.5121
"Malta"	470	1.3633	1.3582	1.3618	1.3705	1.3815	1.3959	1.4122	1.4281	1.443	1.4586	1.4714	1.4835	1.496	1.5058	1.5152	1.5233	1.5321
"Martinique"	474	1.6537	1.5146	1.422	1.3638	1.3383	1.3411	1.3643	1.3979	1.4281	1.4591	1.4834	1.5053	1.5245	1.537	1.5499	1.5585	1.5667
"Mauritania"	478	4.0866	3.6771	3.3265	3.0266	2.7759	2.5658	2.3923	2.2474	2.127	2.0187	1.9283	1.8538	1.7858	1.7298	1.6815	1.6406	1.6069
"Mauritius"	480	1.2397	1.1181	1.0396	1.007	1.024	1.0833	1.1516	1.2118	1.2642	1.3083	1.3452	1.3783	1.4077	1.4303	1.4525	1.4693	1.4835
"Mayotte"	175	3.432	3.042	2.7414	2.4982	2.2937	2.1191	1.9645	1.828	1.7099	1.611	1.5284	1.4598	1.4046	1.3629	1.3364	1.3202	1.3176
"Mexico"	484	1.9045	1.6981	1.5332	1.4051	1.3031	1.2242	1.1746	1.1521	1.1535	1.1705	1.2075	1.2501	1.2917	1.3374	1.376	1.4083	1.4376
"Micronesia (Fed. States of)"	583	2.79	2.4883	2.2656	2.0916	1.9481	1.8286	1.7258	1.6457	1.572	1.5188	1.4692	1.4347	1.4061	1.389	1.3788	1.3736	1.3753
"Mongolia"	496	2.2708	2.0586	1.909	1.8009	1.7279	1.6802	1.6581	1.65	1.6459	1.6467	1.6468	1.6476	1.6525	1.6526	1.6531	1.6543	1.6555
"Montenegro"	499	1.4447	1.3207	1.2311	1.1786	1.1622	1.1779	1.2133	1.2538	1.2937	1.331	1.3653	1.3956	1.4237	1.4454	1.4648	1.4842	1.4977
"Morocco"	504	2.1346	1.9277	1.7749	1.6495	1.5488	1.4737	1.4167	1.3772	1.3547	1.3461	1.3504	1.3637	1.3844	1.404	1.4266	1.4487	1.4684
"Mozambique"	508	4.8292	4.3442	3.8824	3.4558	3.066	2.7457	2.4793	2.2844	2.1207	2.0002	1.9	1.8212	1.7537	1.6973	1.6534	1.6151	1.5894
"Myanmar"	104	1.9029	1.7271	1.5952	1.4921	1.4112	1.3525	1.312	1.29	1.2801	1.2877	1.3014	1.325	1.3467	1.3751	1.4028	1.4271	1.4504
"Namibia"	516	3.0228	2.6996	2.4519	2.2584	2.0972	1.9578	1.837	1.7358	1.6518	1.5818	1.5258	1.483	1.4519	1.4303	1.4167	1.4056	1.4057
"Nepal"	524	1.7978	1.5912	1.4521	1.3541	1.2781	1.2285	1.1963	1.185	1.1907	1.2115	1.2376	1.2697	1.3061	1.3391	1.3719	1.4025	1.4277
"Netherlands"	528	1.6574	1.6351	1.6252	1.6185	1.6146	1.6132	1.6123	1.6133	1.6121	1.6135	1.612	1.6129	1.6124	1.6134	1.6136	1.6133	1.6144
"New Caledonia"	540	1.8176	1.6595	1.5432	1.4578	1.3964	1.3577	1.3427	1.3459	1.3571	1.3742	1.3935	1.4154	1.438	1.463	1.4802	1.4992	1.514
"New Zealand"	554	1.766	1.6297	1.5291	1.4554	1.4041	1.376	1.3697	1.3718	1.3781	1.3963	1.4073	1.4232	1.4403	1.4577	1.4744	1.4881	1.5023
"Nicaragua"	558	1.9214	1.7222	1.5766	1.4543	1.3593	1.2869	1.2364	1.2081	1.2064	1.2157	1.2323	1.2599	1.2927	1.3303	1.3637	1.3936	1.4209
"Niger"	562	7.2114	6.5406	5.8106	5.0863	4.3978	3.8073	3.3166	2.9348	2.6212	2.3932	2.198	2.0417	1.9171	1.8194	1.7356	1.6675	1.6167
"Nigeria"	566	5.1236	4.6243	4.1386	3.6835	3.2576	2.8988	2.6016	2.3752	2.1955	2.0523	1.9425	1.8506	1.7776	1.7203	1.6737	1.6369	1.6043
"Norway"	578	1.7003	1.6737	1.66	1.6512	1.6456	1.6414	1.6389	1.6375	1.636	1.6344	1.6332	1.6319	1.6296	1.6302	1.6308	1.6309	1.6303
"Oman"	512	2.2556	1.9383	1.7021	1.5178	1.3645	1.2414	1.1455	1.0848	1.0618	1.0679	1.1047	1.1573	1.2188	1.281	1.3312	1.3778	1.4136
"Other non-specified areas"	158	0.8457	0.773	0.7464	0.78	0.8663	0.9528	1.0239	1.0836	1.1344	1.1824	1.2176	1.2512	1.2833	1.3082	1.3334	1.355	1.3759
"Pakistan"	586	3.0741	2.7048	2.4252	2.2181	2.0505	1.9068	1.7897	1.691	1.6114	1.543	1.4912	1.4457	1.4156	1.3923	1.379	1.3777	1.3797
"Panama"	591	2.116	1.9371	1.798	1.6869	1.6018	1.5305	1.4802	1.444	1.4223	1.4102	1.4079	1.4093	1.4232	1.4373	1.4499	1.4645	1.4798
"Papua New Guinea"	598	3.2907	2.9646	2.7098	2.5009	2.3288	2.1841	2.0618	1.9576	1.8668	1.7914	1.722	1.6629	1.6152	1.5744	1.5421	1.5164	1.4954
"Paraguay"	600	2.1845	1.9755	1.8249	1.707	1.6102	1.5339	1.4726	1.4221	1.3902	1.3646	1.3515	1.3431	1.3398	1.3436	1.3515	1.3676	1.3823
"Peru"	604	2.1126	1.9076	1.7499	1.6242	1.5171	1.4304	1.3626	1.3123	1.2837	1.272	1.2682	1.2747	1.2924	1.3173	1.3424	1.3689	1.3957
"Philippines"	608	2.6012	2.3651	2.1816	2.0336	1.9078	1.7983	1.7002	1.6268	1.5599	1.5069	1.4664	1.4346	1.4136	1.3974	1.3865	1.383	1.3854
"Poland"	616	1.1299	1.0186	0.9597	0.9458	0.9813	1.0509	1.1166	1.1768	1.2274	1.2701	1.309	1.3422	1.369	1.393	1.4146	1.435	1.4502
"Portugal"	620	1.0491	0.9442	0.8911	0.8905	0.9341	1.0133	1.0833	1.1442	1.1935	1.2385	1.2776	1.312	1.3388	1.3664	1.3882	1.41	1.4274
"Puerto Rico"	630	1.3825	1.2539	1.1682	1.1127	1.0979	1.1163	1.1525	1.1939	1.2381	1.2788	1.3168	1.3491	1.3801	1.4056	1.4301	1.4514	1.4702
"Qatar"	634	1.7207	1.543	1.4042	1.2969	1.2139	1.157	1.1245	1.1191	1.1291	1.1531	1.1858	1.2231	1.2641	1.3069	1.3448	1.3781	1.4084
"Republic of Korea"	410	1.2092	1.2201	1.2359	1.253	1.2674	1.2834	1.3005	1.3136	1.3256	1.3381	1.3503	1.3605	1.369	1.3791	1.3872	1.3944	1.4014
"Republic of Moldova"	498	1.0376	0.9382	0.8873	0.8876	0.9418	1.0177	1.087	1.1479	1.1975	1.2441	1.281	1.313	1.3436	1.368	1.3906	1.409	1.4284
"Reunion"	638	1.8926	1.7157	1.58	1.4812	1.4093	1.365	1.343	1.3448	1.3595	1.384	1.4119	1.4427	1.467	1.4893	1.5072	1.5241	1.539
"Romania"	642	1.4176	1.4173	1.4241	1.4328	1.4428	1.452	1.4605	1.4713	1.478	1.485	1.4885	1.4944	1.5003	1.5021	1.5081	1.5096	1.5131
"Russian Federation"	643	1.6021	1.6065	1.6171	1.6279	1.6382	1.6467	1.6543	1.6598	1.6652	1.6704	1.6719	1.6751	1.6747	1.6774	1.6785	1.6782	1.6783
"Rwanda"	646	3.3157	2.8873	2.5577	2.2913	2.0686	1.8764	1.7082	1.5641	1.4418	1.3392	1.2569	1.1902	1.1501	1.1266	1.1193	1.1288	1.1541
"Saint Lucia"	662	1.6029	1.443	1.3203	1.2326	1.1685	1.1328	1.1231	1.1355	1.1644	1.2001	1.2385	1.2779	1.3215	1.3555	1.3908	1.4192	1.4451
"Saint Vincent and the Grenadines"	670	1.6818	1.508	1.3762	1.2753	1.2	1.1529	1.1354	1.1436	1.169	1.2053	1.2471	1.2875	1.3292	1.3693	1.4019	1.4313	1.4554
"Samoa"	882	3.6063	3.2679	2.9998	2.7781	2.5932	2.4287	2.2859	2.1559	2.0448	1.945	1.8539	1.778	1.709	1.6556	1.6036	1.5615	1.5295
"Sao Tome and Principe"	678	4.0529	3.6377	3.2911	2.9934	2.7421	2.5343	2.3602	2.2167	2.0955	1.9929	1.9028	1.827	1.7626	1.7103	1.6585	1.62	1.5846
"Saudi Arabia"	682	2.3281	2.0599	1.8536	1.6938	1.5605	1.4506	1.3645	1.2932	1.2456	1.2148	1.204	1.2098	1.228	1.2554	1.288	1.3229	1.3595
"Senegal"	686	4.5309	4.0872	3.7118	3.3896	3.1223	2.883	2.6822	2.5123	2.3645	2.2336	2.1106	2.0083	1.9181	1.8372	1.7724	1.7122	1.6601
"Serbia"	688	1.4639	1.4334	1.415	1.41	1.411	1.4203	1.4309	1.4424	1.456	1.4689	1.4833	1.4966	1.5076	1.5187	1.529	1.5348	1.5451
"Seychelles"	690	1.9766	1.7937	1.6561	1.548	1.47	1.4098	1.3786	1.3693	1.3722	1.3895	1.4131	1.4365	1.4619	1.4857	1.5063	1.5251	1.5375
"Sierra Leone"	694	3.9333	3.2912	2.7944	2.429	2.1761	1.9972	1.8576	1.7474	1.6567	1.5896	1.5303	1.4827	1.4447	1.4175	1.4001	1.389	1.3803
"Singapore"	702	1.1493	1.126	1.1123	1.1035	1.0948	1.0893	1.0855	1.0818	1.0811	1.0772	1.0761	1.0759	1.0715	1.0699	1.0695	1.0667	1.0648
"Slovakia"	703	1.3182	1.3282	1.3415	1.3566	1.373	1.385	1.3997	1.4128	1.4258	1.4374	1.447	1.4557	1.4632	1.4707	1.4759	1.4811	1.4871
"Slovenia"	705	1.5267	1.5376	1.5518	1.5665	1.5806	1.5912	1.6018	1.6095	1.6171	1.6245	1.629	1.6319	1.6358	1.6388	1.6401	1.6422	1.646
"Solomon Islands"	90	3.4596	3.0979	2.8129	2.5855	2.3954	2.2382	2.0993	1.9752	1.8709	1.7822	1.7083	1.6416	1.5839	1.5384	1.5043	1.4752	1.4546
"Somalia"	706	5.8141	5.1198	4.4752	3.9001	3.4093	3.0141	2.6954	2.4588	2.2662	2.1071	1.9801	1.884	1.7996	1.7338	1.6755	1.6297	1.589
"South Africa"	710	2.0457	1.8671	1.7286	1.6197	1.5299	1.463	1.4087	1.3708	1.3493	1.3335	1.3334	1.3376	1.3505	1.364	1.3814	1.4015	1.4214
"South Sudan"	728	4.4214	3.879	3.4125	3.0223	2.7078	2.4616	2.2656	2.1144	1.9827	1.8793	1.795	1.7194	1.6562	1.6058	1.5633	1.5322	1.5038
"Spain"	724	1.265	1.2684	1.2784	1.2918	1.3055	1.3178	1.33	1.3384	1.3501	1.3606	1.3698	1.3794	1.3836	1.3906	1.3973	1.4051	1.41
"Sri Lanka"	144	1.8005	1.6515	1.5403	1.454	1.3939	1.3597	1.3412	1.3383	1.3462	1.3601	1.3798	1.4029	1.4274	1.4476	1.4681	1.4841	1.5002
"State of Palestine"	275	3.6284	3.2032	2.8613	2.5927	2.38	2.2044	2.0708	1.9523	1.8548	1.7685	1.7001	1.6366	1.5862	1.5455	1.5101	1.4832	1.4595
"Sudan"	729	3.8209	3.3895	3.0391	2.7504	2.5207	2.3307	2.1764	2.0481	1.9425	1.8543	1.7781	1.7104	1.6552	1.6098	1.5719	1.5419	1.5177
"Suriname"	740	2.0445	1.8609	1.7165	1.6019	1.508	1.4388	1.3837	1.3508	1.3371	1.3267	1.3366	1.3492	1.3672	1.3882	1.4117	1.4326	1.4505
"Swaziland"	748	2.7744	2.4496	2.2134	2.0247	1.8723	1.7486	1.6438	1.5532	1.4825	1.4235	1.383	1.3543	1.3355	1.3261	1.3274	1.3389	1.3525
"Sweden"	752	1.8093	1.7762	1.7576	1.7453	1.7386	1.7311	1.728	1.723	1.72	1.7174	1.7149	1.7157	1.7138	1.7132	1.71	1.7097	1.7087
"Switzerland"	756	1.4578	1.4549	1.4602	1.4698	1.4764	1.4849	1.4924	1.4986	1.5041	1.5109	1.5169	1.5218	1.5255	1.528	1.5297	1.5347	1.5356
"Syrian Arab Republic"	760	2.5055	2.2268	2.0085	1.8281	1.6828	1.56	1.4533	1.3721	1.3069	1.2604	1.2307	1.219	1.2253	1.2386	1.2647	1.2955	1.328
"Tajikistan"	762	3.0294	2.7349	2.5136	2.3304	2.1775	2.0517	1.9362	1.8376	1.7535	1.6832	1.6238	1.5753	1.5411	1.5115	1.4872	1.4694	1.4555
"TFYR Macedonia"	807	1.4203	1.3943	1.3799	1.3761	1.3825	1.3872	1.4013	1.417	1.4339	1.4497	1.4629	1.4773	1.49	1.5008	1.5115	1.5206	1.5282
"Thailand"	764	1.2534	1.1158	1.0216	0.9731	0.9684	1.0053	1.0694	1.1404	1.2009	1.2548	1.3004	1.3409	1.3759	1.4046	1.4284	1.4512	1.4662
"Timor-Leste"	626	4.9885	4.2284	3.5723	3.0451	2.6426	2.352	2.142	1.9797	1.8546	1.7543	1.674	1.6043	1.549	1.501	1.4631	1.4361	1.4156
"Togo"	768	4.0391	3.606	3.2464	2.9516	2.7123	2.5099	2.3394	2.1908	2.0704	1.964	1.8762	1.7966	1.7278	1.6697	1.6149	1.571	1.5356
"Tonga"	776	3.2873	3.0055	2.7808	2.5942	2.4288	2.2866	2.1592	2.0502	1.9511	1.8638	1.7878	1.7211	1.6667	1.6182	1.5815	1.5489	1.5266
"Trinidad and Tobago"	780	1.5177	1.3861	1.2905	1.2291	1.196	1.1956	1.212	1.2417	1.2799	1.3187	1.353	1.3863	1.4152	1.4398	1.4649	1.4826	1.4989
"Tunisia"	788	1.8207	1.6554	1.5291	1.436	1.3716	1.3349	1.3199	1.3257	1.3464	1.3762	1.4064	1.4397	1.467	1.492	1.5141	1.5303	1.5456
"Turkey"	792	1.7801	1.6229	1.5047	1.412	1.3417	1.2974	1.2712	1.2559	1.2575	1.2706	1.2905	1.3127	1.3399	1.3725	1.3967	1.4215	1.4439
"Turkmenistan"	795	1.9792	1.7978	1.6611	1.5541	1.4654	1.3951	1.3423	1.3103	1.2916	1.2848	1.2849	1.295	1.3121	1.3356	1.3589	1.3802	1.4052
"Uganda"	800	5.1469	4.5096	3.936	3.4361	3.0234	2.7032	2.4461	2.2571	2.1008	1.9715	1.8725	1.7871	1.7205	1.6585	1.6119	1.5715	1.5404
"Ukraine"	804	1.4365	1.4443	1.4567	1.4728	1.4868	1.4994	1.5125	1.5216	1.5312	1.5385	1.5462	1.5515	1.5554	1.5615	1.5661	1.5674	1.5709
"United Arab Emirates"	784	1.5069	1.3594	1.2528	1.1781	1.1299	1.1144	1.1199	1.1434	1.1778	1.2226	1.2635	1.303	1.3412	1.3759	1.4056	1.4306	1.4546
"United Kingdom"	826	1.795	1.7542	1.7292	1.7124	1.6997	1.6902	1.6828	1.6782	1.6746	1.6719	1.668	1.6658	1.6623	1.6617	1.6596	1.6571	1.655
"United Republic of Tanzania"	834	4.626	4.1827	3.7934	3.4401	3.1349	2.8705	2.6441	2.4629	2.308	2.1782	2.064	1.9724	1.8899	1.8244	1.7699	1.7199	1.6806
"United States of America"	840	1.7841	1.754	1.7355	1.7221	1.7151	1.71	1.7046	1.7007	1.6978	1.6969	1.6939	1.6903	1.6881	1.687	1.6853	1.6832	1.6833
"United States Virgin Islands"	850	1.9505	1.7786	1.6504	1.5466	1.4773	1.4286	1.4006	1.3919	1.3941	1.4102	1.4287	1.4498	1.4723	1.491	1.5094	1.5259	1.5387
"Uruguay"	858	1.7602	1.6237	1.5223	1.4533	1.408	1.3849	1.3786	1.3876	1.4001	1.4164	1.4311	1.447	1.4644	1.478	1.4932	1.5062	1.5153
"Uzbekistan"	860	2.0847	1.8958	1.7574	1.6493	1.5618	1.4925	1.4434	1.4128	1.3927	1.3865	1.3836	1.397	1.4095	1.4233	1.4408	1.458	1.4769
"Vanuatu"	548	2.9316	2.662	2.4522	2.2805	2.1376	2.0146	1.9104	1.8135	1.7363	1.6714	1.6146	1.5682	1.5277	1.4948	1.4726	1.4541	1.439
"Venezuela (Bolivarian Republic of)"	862	2.0471	1.8634	1.7208	1.6034	1.5065	1.4346	1.378	1.3435	1.3203	1.3109	1.3133	1.3251	1.3419	1.3633	1.3834	1.4065	1.4261
"Viet Nam"	704	1.8372	1.789	1.7567	1.7332	1.7151	1.7022	1.6907	1.6811	1.6743	1.6689	1.6648	1.6589	1.6552	1.6527	1.6503	1.648	1.644
"Western Sahara"	732	1.8295	1.6379	1.4861	1.3653	1.2683	1.1985	1.1525	1.1282	1.1308	1.1494	1.1781	1.2178	1.2567	1.2976	1.3387	1.3752	1.4063
"Yemen"	887	3.4691	2.95	2.5732	2.2773	2.0349	1.8244	1.6509	1.5021	1.3679	1.2608	1.175	1.1139	1.0763	1.0628	1.0623	1.0791	1.1142
"Zambia"	894	4.8545	4.4382	4.0724	3.7499	3.4599	3.2049	2.9743	2.7833	2.613	2.4683	2.3365	2.2217	2.1205	2.0313	1.956	1.888	1.8281
"Zimbabwe"	716	3.352	2.9669	2.6772	2.4448	2.2449	2.0767	1.9324	1.808	1.7006	1.6129	1.5424	1.4811	1.4347	1.4034	1.3817	1.3735	1.3753
