"name"	"country_code"	"2015-2020"	"2020-2025"	"2025-2030"	"2030-2035"	"2035-2040"	"2040-2045"	"2045-2050"	"2050-2055"	"2055-2060"	"2060-2065"	"2065-2070"	"2070-2075"	"2075-2080"	"2080-2085"	"2085-2090"	"2090-2095"	"2095-2100"
"Afghanistan"	4	4.6006	4.0702	3.6551	3.3315	3.0805	2.8754	2.7082	2.5684	2.4511	2.3495	2.2673	2.2047	2.1588	2.126	2.105	2.0924	2.0809
"Albania"	8	1.9003	1.9369	1.9624	1.9816	1.9992	2.0122	2.0236	2.034	2.0455	2.0523	2.0587	2.0665	2.0724	2.0778	2.0826	2.0862	2.0912
"Algeria"	12	2.8713	2.7409	2.6328	2.5428	2.466	2.4025	2.3519	2.3115	2.2796	2.2559	2.2342	2.2221	2.2122	2.2029	2.193	2.1893	2.1833
"Angola"	24	6.0648	5.8041	5.5414	5.2808	5.0324	4.784	4.5614	4.3521	4.1641	3.9865	3.8271	3.6786	3.5525	3.4378	3.331	3.2363	3.147
"Antigua and Barbuda"	28	2.2519	2.2581	2.2431	2.2253	2.2074	2.192	2.1756	2.1644	2.1533	2.1453	2.1391	2.1336	2.1291	2.1287	2.1274	2.1264	2.1254
"Argentina"	32	2.5011	2.5089	2.4979	2.4727	2.4455	2.4168	2.3853	2.3528	2.3225	2.2938	2.2675	2.2472	2.2273	2.2113	2.1975	2.1845	2.175
"Armenia"	51	1.7063	1.7611	1.8004	1.8327	1.8603	1.8874	1.9101	1.9302	1.9493	1.9643	1.9801	1.9921	2.0066	2.0168	2.0264	2.0352	2.0462
"Aruba"	533	1.8301	1.8707	1.8974	1.9166	1.9388	1.9546	1.9717	1.985	1.9989	2.012	2.0212	2.0296	2.0382	2.0472	2.0533	2.062	2.0683
"Australia"	36	2.0769	2.0932	2.0918	2.0898	2.0874	2.085	2.0822	2.0808	2.0811	2.0821	2.0831	2.0825	2.0863	2.0889	2.0913	2.0937	2.0969
"Austria"	40	1.6451	1.7387	1.81	1.8622	1.9054	1.9379	1.9672	1.9915	2.0122	2.0276	2.0419	2.0539	2.0641	2.0757	2.0843	2.0898	2.0955
"Azerbaijan"	31	2.3742	2.3601	2.3393	2.3173	2.2965	2.278	2.261	2.2456	2.2318	2.22	2.2098	2.2016	2.1939	2.1867	2.1828	2.1758	2.1749
"Bahamas"	44	2.043	2.0609	2.0625	2.0602	2.059	2.0609	2.06	2.0601	2.0609	2.063	2.0652	2.0686	2.0723	2.0747	2.0795	2.0821	2.0855
"Bahrain"	48	2.2021	2.1796	2.1454	2.1106	2.0804	2.0592	2.0469	2.0372	2.0321	2.0301	2.0323	2.0342	2.0396	2.0431	2.0471	2.0508	2.057
"Bangladesh"	50	2.3091	2.259	2.1997	2.152	2.1106	2.0786	2.0599	2.048	2.0412	2.0372	2.0402	2.0427	2.0445	2.0507	2.0549	2.0587	2.0636
"Barbados"	52	1.9122	1.9603	1.9923	2.0176	2.0385	2.057	2.0696	2.0832	2.0922	2.1022	2.1083	2.1142	2.122	2.1285	2.1324	2.1344	2.137
"Belarus"	112	1.7611	1.8489	1.9108	1.9567	1.992	2.0213	2.0444	2.0643	2.0792	2.0908	2.1029	2.1141	2.1219	2.1275	2.1326	2.1395	2.1434
"Belgium"	56	1.9437	1.9941	2.0271	2.0544	2.0738	2.0885	2.103	2.1152	2.124	2.1313	2.1388	2.1431	2.1474	2.1526	2.1555	2.1585	2.16
"Belize"	84	2.7092	2.6489	2.5786	2.5141	2.45	2.3921	2.3391	2.29	2.2471	2.2128	2.1817	2.158	2.1402	2.1257	2.1153	2.1094	2.1042
"Benin"	204	4.8051	4.5887	4.3731	4.1733	3.9969	3.8313	3.6868	3.5537	3.4336	3.3239	3.2243	3.1349	3.0524	2.9766	2.9003	2.8355	2.7741
"Bhutan"	64	2.16	2.1107	2.0624	2.0266	2.0054	1.9918	1.9864	1.9872	1.9906	1.9951	2.0027	2.009	2.0178	2.027	2.0313	2.0406	2.0472
"Bolivia (Plurinational State of)"	68	3.1034	3.025	2.9469	2.8755	2.8032	2.7382	2.6772	2.6173	2.5598	2.5117	2.4599	2.4112	2.3687	2.3275	2.2884	2.2555	2.2285
"Bosnia and Herzegovina"	70	1.4202	1.5147	1.5891	1.6541	1.7091	1.7572	1.7971	1.833	1.8633	1.8912	1.9148	1.9378	1.9582	1.9739	1.988	1.9994	2.0119
"Botswana"	72	2.9281	2.8285	2.7241	2.6359	2.5556	2.4823	2.4176	2.3579	2.3063	2.2609	2.2249	2.1972	2.1723	2.1577	2.141	2.1323	2.1261
"Brazil"	76	1.9589	1.9747	1.9777	1.9784	1.9825	1.9854	1.9907	1.9964	2.0043	2.0105	2.019	2.0257	2.0346	2.0433	2.0474	2.0554	2.0597
"Brunei Darussalam"	96	2.0373	2.0419	2.0322	2.0251	2.0191	2.0186	2.0188	2.0208	2.024	2.0279	2.0327	2.0383	2.0422	2.0484	2.0552	2.0592	2.0649
"Bulgaria"	100	1.7154	1.811	1.8811	1.9325	1.9724	2.0054	2.0306	2.0501	2.066	2.0795	2.0891	2.1026	2.1084	2.1165	2.1217	2.1264	2.1301
"Burkina Faso"	854	5.5274	5.2791	5.0296	4.7937	4.5755	4.3747	4.1828	4.0079	3.8519	3.7115	3.5811	3.4654	3.357	3.2604	3.1728	3.0858	3.0131
"Burundi"	108	5.9382	5.6847	5.4316	5.188	4.9523	4.738	4.5377	4.3471	4.179	4.0271	3.8897	3.7544	3.6341	3.5247	3.4198	3.327	3.2474
"Cabo Verde"	132	2.4282	2.3669	2.3001	2.2464	2.2002	2.1601	2.1292	2.1095	2.0957	2.0823	2.0756	2.0713	2.0707	2.0699	2.0707	2.0746	2.0775
"Cambodia"	116	2.7859	2.7362	2.6806	2.6207	2.5624	2.5065	2.4594	2.4112	2.3602	2.3174	2.2775	2.2413	2.2146	2.1913	2.17	2.1534	2.1401
"Cameroon"	120	4.7579	4.5548	4.3548	4.1674	3.9929	3.8314	3.6935	3.5693	3.4493	3.3441	3.2508	3.167	3.0845	3.0088	2.9361	2.8717	2.8165
"Canada"	124	1.7678	1.8148	1.8468	1.8759	1.8993	1.9205	1.9392	1.9576	1.973	1.9876	2.0015	2.0143	2.0264	2.0341	2.0436	2.051	2.0573
"Central African Republic"	140	4.3292	4.12	3.9039	3.7082	3.5341	3.3768	3.2499	3.1286	3.0316	2.9437	2.8618	2.7874	2.7191	2.656	2.6011	2.5451	2.4924
"Chad"	148	6.0815	5.7595	5.4435	5.1435	4.863	4.6055	4.3727	4.1638	3.973	3.8031	3.6579	3.5123	3.3862	3.2774	3.1702	3.0727	2.9902
"Channel Islands"	830	1.6008	1.6712	1.726	1.772	1.8113	1.8445	1.8732	1.8962	1.9187	1.9382	1.9567	1.9714	1.9862	1.9992	2.0123	2.0205	2.0298
"Chile"	152	1.9378	1.9625	1.9736	1.9838	1.9936	2.0002	2.0094	2.0174	2.0265	2.0353	2.042	2.0509	2.0569	2.0627	2.0703	2.0755	2.0804
"China"	156	1.7059	1.7803	1.8359	1.8797	1.9167	1.9451	1.9696	1.9907	2.0081	2.0232	2.0351	2.0472	2.0587	2.0678	2.0734	2.0814	2.09
"China, Hong Kong SAR"	344	1.4158	1.5407	1.6362	1.7128	1.7767	1.8269	1.87	1.9088	1.9386	1.9645	1.986	2.0034	2.0197	2.0341	2.0479	2.0607	2.07
"China, Macao SAR"	446	1.4658	1.6235	1.7364	1.8185	1.8827	1.9311	1.9706	2.0015	2.0271	2.0463	2.063	2.0791	2.094	2.1031	2.1112	2.1159	2.126
"Colombia"	170	2.0467	2.0465	2.0366	2.0244	2.0177	2.0182	2.0168	2.02	2.0235	2.0275	2.0319	2.0374	2.0432	2.049	2.0548	2.0598	2.0653
"Comoros"	174	4.5354	4.3346	4.1377	3.9568	3.7965	3.643	3.5106	3.392	3.2884	3.1866	3.0975	3.0136	2.9369	2.865	2.799	2.7375	2.6783
"Congo"	178	4.9331	4.7676	4.5897	4.4178	4.255	4.1016	3.9643	3.8332	3.7131	3.5999	3.5021	3.4127	3.3298	3.2521	3.1787	3.111	3.0436
"Costa Rica"	188	1.978	1.9923	1.9966	1.9979	2.0003	2.001	2.0063	2.0132	2.0185	2.0252	2.0326	2.0382	2.0456	2.0517	2.0573	2.0631	2.0672
"Cote d'Ivoire"	384	5.0607	4.8789	4.6952	4.5168	4.3576	4.2056	4.0634	3.9342	3.8163	3.7026	3.6019	3.5043	3.411	3.3262	3.2424	3.1694	3.0956
"Croatia"	191	1.6757	1.7371	1.78	1.8178	1.8494	1.8778	1.9016	1.9246	1.9424	1.9615	1.9776	1.9904	2.0052	2.0162	2.0255	2.0361	2.0445
"Cuba"	192	1.7835	1.8297	1.8601	1.8831	1.9079	1.9284	1.9445	1.9602	1.9757	1.99	2.0002	2.0126	2.0253	2.0348	2.0431	2.0499	2.0558
"Curacao"	531	2.19	2.197	2.1952	2.1887	2.1833	2.1766	2.1708	2.1659	2.1631	2.1614	2.1583	2.1551	2.1562	2.1554	2.1555	2.1562	2.1561
"Cyprus"	196	1.6175	1.6845	1.7357	1.7795	1.8152	1.8479	1.8776	1.9023	1.9259	1.9451	1.9617	1.9783	1.9929	2.0074	2.0182	2.0283	2.0393
"Czech Republic"	203	1.6525	1.7584	1.8343	1.8901	1.9353	1.9696	1.999	2.0222	2.041	2.0549	2.0688	2.082	2.0902	2.1	2.1052	2.1111	2.1147
"Dem. People's Republic of Korea"	408	2.156	2.1634	2.1545	2.1452	2.1363	2.1274	2.1177	2.1146	2.1092	2.1091	2.1085	2.1077	2.1091	2.1091	2.1093	2.1098	2.112
"Democratic Republic of the Congo"	180	5.9544	5.655	5.3544	5.0734	4.8004	4.5569	4.3306	4.1285	3.9437	3.7792	3.6253	3.491	3.3744	3.2639	3.1703	3.0768	2.9995
"Denmark"	208	1.8739	1.9314	1.9697	1.9998	2.0251	2.0416	2.0566	2.0692	2.0767	2.0871	2.0939	2.101	2.1067	2.1128	2.1163	2.117	2.1233
"Djibouti"	262	3.2811	3.1443	3.0132	2.9006	2.8017	2.7128	2.6383	2.5683	2.5008	2.437	2.3807	2.3326	2.2857	2.2497	2.2198	2.193	2.1721
"Dominican Republic"	214	2.6141	2.5642	2.5017	2.434	2.3701	2.3136	2.2584	2.2187	2.181	2.1542	2.1344	2.1193	2.1069	2.1021	2.0985	2.0956	2.094
"Ecuador"	218	2.6864	2.6436	2.5914	2.5341	2.4744	2.4202	2.3692	2.3216	2.2736	2.2368	2.2027	2.1785	2.1574	2.1425	2.1323	2.1233	2.1182
"Egypt"	818	3.4372	3.3422	3.2469	3.1528	3.0692	2.9939	2.9196	2.8543	2.7935	2.7349	2.6777	2.6287	2.5766	2.5248	2.4758	2.4287	2.3877
"El Salvador"	222	2.095	2.0863	2.0647	2.0443	2.0269	2.0189	2.014	2.0125	2.0134	2.0155	2.0191	2.0257	2.0304	2.0366	2.0425	2.0483	2.0546
"Equatorial Guinea"	226	4.838	4.5767	4.3026	4.0553	3.83	3.6297	3.4536	3.2988	3.1721	3.0571	2.9595	2.8695	2.7917	2.7191	2.6537	2.5874	2.5327
"Eritrea"	232	4.3308	4.1319	3.9356	3.7529	3.5997	3.4538	3.328	3.2121	3.1105	3.0198	2.9362	2.8612	2.7865	2.7223	2.6668	2.6071	2.5525
"Estonia"	233	1.773	1.8576	1.9166	1.9596	1.9931	2.0182	2.0393	2.0555	2.0698	2.082	2.0904	2.0988	2.1074	2.1142	2.1191	2.1232	2.1248
"Ethiopia"	231	4.3323	3.9933	3.6989	3.4533	3.2508	3.0814	2.9381	2.8139	2.7045	2.6079	2.5256	2.4436	2.3751	2.3173	2.2627	2.2226	2.1879
"Fiji"	242	2.7188	2.6958	2.6485	2.5992	2.547	2.4937	2.4412	2.3944	2.3515	2.3087	2.2753	2.2453	2.2176	2.1972	2.1797	2.1673	2.1555
"Finland"	246	1.8754	1.9259	1.9606	1.9869	2.0066	2.0245	2.0383	2.0498	2.0598	2.0697	2.0767	2.0811	2.0871	2.0922	2.0954	2.1013	2.1032
"France"	250	2.1011	2.1348	2.1552	2.1701	2.1815	2.1917	2.1978	2.2056	2.2118	2.2143	2.2201	2.2237	2.2234	2.225	2.2294	2.2312	2.2318
"French Guiana"	254	3.5583	3.4791	3.3866	3.2994	3.2141	3.1403	3.0715	3.0173	2.9609	2.9076	2.8636	2.8109	2.7672	2.7221	2.6796	2.6362	2.5928
"French Polynesia"	258	2.2111	2.2086	2.1882	2.1651	2.1445	2.1239	2.1072	2.0961	2.0861	2.0797	2.0746	2.0716	2.0717	2.0711	2.0738	2.0776	2.0793
"Gabon"	266	3.9739	3.7998	3.6362	3.4862	3.3497	3.2287	3.1267	3.0317	2.9478	2.8773	2.8109	2.7491	2.6895	2.6328	2.5794	2.5289	2.4835
"Gambia"	270	5.8067	5.6942	5.5426	5.3466	5.1107	4.8485	4.5823	4.3271	4.0806	3.8494	3.6411	3.4612	3.3053	3.1667	3.0511	2.9451	2.8544
"Georgia"	268	1.9322	1.9795	2.0118	2.0369	2.0562	2.0708	2.0838	2.0973	2.1049	2.1135	2.1209	2.1279	2.1333	2.138	2.1393	2.1419	2.1472
"Germany"	276	1.5502	1.6348	1.6999	1.7533	1.7974	1.8372	1.8704	1.8977	1.9213	1.941	1.9603	1.976	1.9916	2.0052	2.0161	2.0252	2.0345
"Ghana"	288	4.2486	4.101	3.949	3.8086	3.6739	3.5537	3.4409	3.3418	3.2513	3.1685	3.0899	3.0175	2.952	2.8856	2.8279	2.7734	2.7186
"Greece"	300	1.4947	1.5783	1.6457	1.7033	1.7517	1.7934	1.8298	1.8609	1.889	1.9133	1.9356	1.956	1.973	1.9865	2.0005	2.0122	2.0238
"Grenada"	308	2.2997	2.2855	2.2518	2.2136	2.1789	2.1519	2.1303	2.1155	2.1023	2.0939	2.0875	2.0828	2.0821	2.0819	2.0837	2.0836	2.0865
"Guadeloupe"	312	2.2443	2.2397	2.2273	2.2177	2.2093	2.2027	2.1932	2.1876	2.183	2.1784	2.177	2.1742	2.1716	2.1705	2.1697	2.1672	2.1665
"Guam"	316	2.5517	2.539	2.5077	2.4653	2.4249	2.377	2.3377	2.3015	2.2656	2.239	2.2124	2.1909	2.1755	2.1633	2.1537	2.1452	2.1388
"Guatemala"	320	3.3258	3.219	3.1117	3.0166	2.9286	2.8451	2.7789	2.7133	2.6516	2.5956	2.5415	2.488	2.4422	2.3998	2.3532	2.3165	2.2797
"Guinea"	324	5.0387	4.8002	4.5676	4.3441	4.1442	3.9531	3.7884	3.6411	3.5069	3.3886	3.2783	3.1847	3.0962	3.0144	2.9393	2.8715	2.8054
"Guinea-Bissau"	624	4.8628	4.6372	4.4142	4.2055	4.0209	3.8514	3.696	3.5538	3.4318	3.3245	3.2242	3.129	3.0476	2.9718	2.9012	2.8361	2.7741
"Guyana"	328	2.7183	2.692	2.656	2.6071	2.565	2.5171	2.4706	2.4244	2.382	2.3413	2.3039	2.2728	2.2445	2.2214	2.1998	2.1831	2.1703
"Haiti"	332	3.1273	3.0015	2.8848	2.7781	2.6907	2.6082	2.5375	2.4733	2.4117	2.3528	2.3034	2.2621	2.2257	2.1959	2.1733	2.1544	2.1441
"Honduras"	340	2.5132	2.4422	2.3721	2.3079	2.2501	2.1997	2.166	2.1341	2.11	2.094	2.0822	2.0744	2.069	2.0679	2.0695	2.068	2.0721
"Hungary"	348	1.5222	1.625	1.7038	1.7674	1.8165	1.8573	1.8928	1.9219	1.9457	1.9672	1.9854	2.0004	2.0118	2.025	2.0366	2.0481	2.0576
"Iceland"	352	2.1167	2.1302	2.1259	2.1182	2.1102	2.104	2.0951	2.0914	2.0888	2.0866	2.0879	2.0883	2.0908	2.0928	2.093	2.0954	2.096
"India"	356	2.5868	2.5616	2.5193	2.4746	2.4278	2.3762	2.3337	2.2915	2.2557	2.2239	2.1975	2.1745	2.1551	2.1438	2.131	2.1232	2.1161
"Indonesia"	360	2.595	2.5526	2.4986	2.4419	2.3873	2.3381	2.2968	2.2627	2.2315	2.2036	2.1837	2.1712	2.1571	2.149	2.1434	2.1381	2.134
"Iran (Islamic Republic of)"	364	1.8356	1.8635	1.8797	1.8948	1.9085	1.9251	1.9403	1.954	1.9673	1.9808	1.9921	2.002	2.0129	2.0241	2.0333	2.0431	2.0494
"Iraq"	368	4.6453	4.5031	4.3501	4.205	4.0659	3.936	3.8187	3.7078	3.6038	3.51	3.4279	3.3439	3.2665	3.1921	3.1241	3.0552	2.9987
"Ireland"	372	2.1094	2.1364	2.1537	2.1658	2.1769	2.1846	2.1898	2.1961	2.2	2.2036	2.207	2.2077	2.2101	2.2108	2.2124	2.2134	2.2137
"Israel"	376	3.1838	3.1643	3.1247	3.0816	3.0385	2.987	2.9388	2.8988	2.8566	2.8126	2.7686	2.7235	2.6783	2.635	2.5991	2.5561	2.5127
"Italy"	380	1.6071	1.7026	1.7733	1.83	1.8765	1.911	1.943	1.9688	1.9895	2.0093	2.0253	2.0376	2.05	2.0602	2.0693	2.0768	2.0815
"Jamaica"	388	2.2117	2.2061	2.1839	2.1594	2.1396	2.1225	2.1096	2.1018	2.0976	2.0931	2.0919	2.0904	2.0892	2.09	2.0922	2.0973	2.0993
"Japan"	392	1.5836	1.6848	1.7598	1.8206	1.8666	1.9031	1.936	1.9611	1.9835	2.0028	2.0207	2.0356	2.0493	2.0577	2.0679	2.0747	2.084
"Jordan"	400	3.4746	3.3117	3.1572	3.0245	2.9019	2.7961	2.7031	2.6113	2.5329	2.4565	2.3903	2.3334	2.2819	2.2402	2.2059	2.1803	2.1616
"Kazakhstan"	398	2.7093	2.6844	2.651	2.6151	2.5848	2.5514	2.5212	2.4916	2.465	2.435	2.4069	2.3828	2.361	2.337	2.3184	2.3002	2.2847
"Kenya"	404	4.3996	4.2172	4.0388	3.8772	3.7269	3.5869	3.4581	3.3491	3.2443	3.1485	3.0561	2.9677	2.8956	2.8215	2.7497	2.6844	2.6226
"Kiribati"	296	3.862	3.7832	3.6823	3.5875	3.4946	3.4101	3.331	3.2563	3.1868	3.1242	3.0631	3.0007	2.9478	2.8922	2.8396	2.7859	2.7382
"Kuwait"	414	2.2671	2.2559	2.2304	2.2088	2.193	2.1825	2.1714	2.1661	2.1606	2.1549	2.1526	2.1533	2.1491	2.149	2.1484	2.1465	2.1475
"Kyrgyzstan"	417	3.1922	3.1178	3.0368	2.9643	2.8982	2.832	2.7765	2.7245	2.675	2.6234	2.5777	2.5333	2.4857	2.441	2.4023	2.3638	2.3314
"Lao People's Democratic Republic"	418	3.0424	2.8806	2.7334	2.612	2.5056	2.4135	2.3398	2.275	2.2184	2.1827	2.1535	2.1322	2.1197	2.1064	2.0986	2.095	2.0943
"Latvia"	428	1.6678	1.7643	1.8335	1.8863	1.9268	1.9614	1.989	2.0113	2.0314	2.0464	2.059	2.072	2.0815	2.0895	2.0977	2.1021	2.1087
"Lebanon"	422	1.8386	1.8809	1.9116	1.9345	1.9545	1.9739	1.9869	2.0008	2.0103	2.0217	2.0309	2.0381	2.0467	2.0538	2.0614	2.064	2.0707
"Lesotho"	426	3.2864	3.1817	3.0767	2.9772	2.895	2.8149	2.7506	2.6883	2.6294	2.5732	2.5225	2.4723	2.4247	2.3838	2.3404	2.3051	2.2719
"Liberia"	430	4.7747	4.5788	4.3806	4.1971	4.022	3.8658	3.7253	3.5966	3.4783	3.3766	3.2775	3.1904	3.1032	3.0267	2.9609	2.89	2.8345
"Libya"	434	2.5549	2.4561	2.3658	2.2893	2.2258	2.1798	2.1485	2.126	2.1114	2.103	2.0962	2.0931	2.0915	2.0896	2.09	2.0916	2.0924
"Lithuania"	440	1.7512	1.8403	1.9035	1.9503	1.9877	2.0168	2.0377	2.0598	2.0739	2.0859	2.098	2.1068	2.1166	2.1222	2.1279	2.1332	2.1378
"Luxembourg"	442	1.7236	1.7967	1.8511	1.8916	1.9229	1.9499	1.9732	1.9913	2.007	2.0217	2.0347	2.0442	2.0517	2.0578	2.0663	2.0727	2.0785
"Madagascar"	450	4.5081	4.3627	4.2074	4.0651	3.9329	3.8051	3.6855	3.5731	3.4775	3.3835	3.2977	3.2206	3.1416	3.0696	3.0059	2.9474	2.8828
"Malawi"	454	5.1717	4.9587	4.7471	4.5474	4.3605	4.1932	4.036	3.8969	3.7641	3.6437	3.533	3.4302	3.3371	3.2511	3.1672	3.0886	3.0181
"Malaysia"	458	2.1137	2.118	2.1051	2.0916	2.0794	2.0708	2.0652	2.0609	2.0573	2.0566	2.0592	2.0604	2.0633	2.0668	2.0692	2.0706	2.0788
"Maldives"	462	2.216	2.1566	2.1102	2.0805	2.0633	2.0523	2.0464	2.047	2.0488	2.0493	2.0519	2.056	2.0598	2.0656	2.0705	2.0756	2.0787
"Mali"	466	6.2035	5.9338	5.6516	5.3683	5.0939	4.8342	4.5823	4.3591	4.1488	3.9594	3.7838	3.6302	3.4967	3.3724	3.2586	3.1585	3.0795
"Malta"	470	1.6021	1.6889	1.7556	1.8067	1.8503	1.8847	1.915	1.9405	1.9633	1.9808	1.9984	2.0111	2.0239	2.0353	2.0438	2.0523	2.0597
"Martinique"	474	2.0929	2.099	2.0944	2.0889	2.0866	2.0849	2.0862	2.0861	2.0894	2.0911	2.0908	2.0961	2.1008	2.1046	2.1072	2.1084	2.1133
"Mauritania"	478	4.689	4.5294	4.3652	4.2119	4.0603	3.9247	3.7991	3.6811	3.5716	3.4721	3.3791	3.2965	3.2245	3.1578	3.08	3.0231	2.9598
"Mauritius"	480	1.6398	1.7042	1.7526	1.7934	1.829	1.861	1.8875	1.9129	1.9336	1.952	1.9677	1.9819	1.9955	2.0068	2.0191	2.0291	2.0397
"Mayotte"	175	4.0274	3.8157	3.6231	3.4471	3.2942	3.1543	3.0302	2.9199	2.818	2.7248	2.6361	2.5509	2.4779	2.4078	2.3473	2.293	2.2472
"Mexico"	484	2.3686	2.32	2.2626	2.2064	2.1614	2.1286	2.1044	2.0893	2.0807	2.0738	2.0697	2.0699	2.0698	2.072	2.0744	2.0778	2.0809
"Micronesia (Fed. States of)"	583	3.3566	3.2546	3.1466	3.0459	2.9511	2.8718	2.7949	2.7252	2.6591	2.5986	2.5369	2.4812	2.4283	2.3793	2.3364	2.2949	2.259
"Mongolia"	496	2.6861	2.6483	2.6146	2.5824	2.5495	2.5221	2.4934	2.4699	2.4469	2.4246	2.4055	2.3873	2.3711	2.3548	2.3409	2.329	2.3183
"Montenegro"	499	1.8634	1.8979	1.9173	1.9326	1.9478	1.9609	1.9747	1.9878	1.9971	2.0077	2.0169	2.0275	2.0363	2.0443	2.0535	2.0595	2.0651
"Morocco"	504	2.6239	2.5557	2.4847	2.418	2.3581	2.3076	2.2642	2.2291	2.1992	2.1749	2.1612	2.1453	2.1342	2.13	2.1215	2.12	2.1184
"Mozambique"	508	5.4062	5.2119	4.9979	4.7834	4.5758	4.3762	4.1919	4.0253	3.8774	3.735	3.6059	3.4879	3.3807	3.2811	3.1967	3.1198	3.0479
"Myanmar"	104	2.3644	2.3425	2.3039	2.2607	2.2236	2.1887	2.1593	2.1389	2.1214	2.1091	2.1009	2.0969	2.092	2.0915	2.0922	2.0923	2.094
"Namibia"	516	3.594	3.4509	3.307	3.1794	3.0706	2.9683	2.8778	2.7976	2.7248	2.6578	2.5887	2.5254	2.4591	2.4062	2.3532	2.3127	2.2775
"Nepal"	524	2.3548	2.2866	2.2208	2.1727	2.1304	2.0966	2.0756	2.06	2.0529	2.0494	2.0482	2.0489	2.0498	2.051	2.0571	2.0641	2.0678
"Netherlands"	528	1.8797	1.9322	1.9693	1.9977	2.0192	2.0382	2.0552	2.0677	2.0789	2.0891	2.0975	2.1055	2.1119	2.1185	2.1214	2.1247	2.1285
"New Caledonia"	540	2.2676	2.2603	2.2295	2.2002	2.1782	2.1591	2.1422	2.1313	2.1218	2.1154	2.1119	2.1099	2.1091	2.1085	2.1081	2.1094	2.111
"New Zealand"	554	2.2053	2.2179	2.203	2.1902	2.1766	2.1623	2.1487	2.1381	2.1289	2.1227	2.1185	2.1145	2.1132	2.1135	2.1111	2.1118	2.112
"Nicaragua"	558	2.395	2.3467	2.2845	2.2327	2.1839	2.1482	2.1182	2.098	2.0828	2.0751	2.0696	2.0647	2.0645	2.0646	2.0667	2.069	2.0729
"Niger"	562	7.6471	7.5679	7.4435	7.2619	6.9984	6.6773	6.3261	5.9845	5.654	5.3453	5.0518	4.7824	4.5333	4.3076	4.1009	3.9252	3.7624
"Nigeria"	566	5.6838	5.4862	5.2692	5.0451	4.828	4.6204	4.4245	4.2426	4.0764	3.9248	3.7827	3.6576	3.5369	3.4405	3.3395	3.2565	3.1692
"Norway"	578	1.9228	1.9682	1.9987	2.0225	2.0412	2.0572	2.0686	2.0798	2.0878	2.0951	2.1004	2.1051	2.1103	2.1147	2.1185	2.122	2.1251
"Oman"	512	2.7696	2.58	2.4157	2.293	2.2103	2.1556	2.1164	2.0976	2.0834	2.0801	2.076	2.0737	2.0739	2.0751	2.0767	2.0789	2.0808
"Other non-specified areas"	158	1.216	1.3397	1.4436	1.5331	1.6106	1.6731	1.7281	1.7757	1.8145	1.8493	1.8801	1.9052	1.9287	1.9474	1.9652	1.9786	1.9935
"Pakistan"	586	3.6729	3.4996	3.3356	3.1933	3.0654	2.9562	2.8633	2.7741	2.6962	2.6265	2.5587	2.4981	2.4415	2.3885	2.3356	2.296	2.2584
"Panama"	591	2.5937	2.5679	2.5246	2.4776	2.4279	2.3808	2.3371	2.299	2.2637	2.2366	2.2083	2.189	2.1738	2.1591	2.1486	2.142	2.136
"Papua New Guinea"	598	3.8767	3.7606	3.6403	3.522	3.414	3.3127	3.2214	3.1401	3.0645	2.9953	2.9311	2.8672	2.8138	2.7607	2.71	2.658	2.6135
"Paraguay"	600	2.6989	2.6599	2.6123	2.5605	2.5104	2.4628	2.4126	2.3625	2.3222	2.2836	2.2467	2.2177	2.1916	2.1718	2.1544	2.1385	2.129
"Peru"	604	2.5917	2.5469	2.4878	2.4275	2.3666	2.3124	2.2635	2.2197	2.1847	2.1568	2.1346	2.1199	2.1097	2.1	2.097	2.0926	2.0922
"Philippines"	608	3.127	3.0729	3.0071	2.9374	2.8683	2.8088	2.7443	2.6901	2.6289	2.5701	2.5162	2.4632	2.4109	2.3657	2.3252	2.2861	2.2541
"Poland"	616	1.5198	1.6002	1.6626	1.716	1.7623	1.8038	1.8398	1.87	1.8959	1.9197	1.9412	1.958	1.9764	1.991	2.0046	2.015	2.0248
"Portugal"	620	1.4299	1.522	1.5967	1.6598	1.7144	1.7606	1.8011	1.8368	1.8671	1.8939	1.9179	1.938	1.9568	1.9744	1.9902	2.0031	2.0152
"Puerto Rico"	630	1.791	1.8328	1.8586	1.8813	1.9024	1.92	1.9371	1.9536	1.9685	1.9826	1.9945	2.0077	2.0176	2.0253	2.035	2.0439	2.0521
"Qatar"	634	2.1737	2.1538	2.1144	2.0847	2.0603	2.0414	2.0289	2.025	2.0221	2.0216	2.0251	2.0304	2.0343	2.0394	2.0455	2.0518	2.0579
"Republic of Korea"	410	1.4513	1.5648	1.6536	1.7224	1.779	1.8237	1.8633	1.8949	1.9257	1.9488	1.9677	1.9869	2.0027	2.0161	2.027	2.0388	2.0475
"Republic of Moldova"	498	1.4197	1.5133	1.5893	1.6533	1.7099	1.7594	1.8001	1.8362	1.8674	1.8956	1.9199	1.9409	1.9587	1.9754	1.9878	2.0019	2.0146
"Reunion"	638	2.3478	2.3218	2.2843	2.2475	2.2145	2.1899	2.1693	2.1572	2.1463	2.1381	2.1344	2.1311	2.126	2.1273	2.1271	2.1271	2.1294
"Romania"	642	1.6529	1.7415	1.807	1.8593	1.901	1.9331	1.9588	1.9829	2.0023	2.0184	2.0338	2.0453	2.0565	2.0674	2.0745	2.0823	2.0903
"Russian Federation"	643	1.8311	1.9123	1.9667	2.0085	2.0432	2.0692	2.0894	2.1065	2.12	2.1301	2.1406	2.1495	2.1553	2.161	2.1646	2.1703	2.1732
"Rwanda"	646	3.9087	3.6502	3.4183	3.2136	3.0335	2.877	2.7394	2.6166	2.497	2.3929	2.3095	2.2388	2.1812	2.1451	2.1181	2.0997	2.0859
"Saint Lucia"	662	2.0427	2.0397	2.0253	2.0136	2.0085	2.0037	2.004	2.007	2.011	2.0157	2.022	2.0298	2.0362	2.0425	2.0488	2.0532	2.0601
"Saint Vincent and the Grenadines"	670	2.1201	2.1134	2.0925	2.0718	2.0567	2.0448	2.0399	2.0386	2.0375	2.0411	2.0434	2.0503	2.0553	2.0605	2.063	2.069	2.0735
"Samoa"	882	4.1955	4.0716	3.9413	3.8122	3.6934	3.5836	3.4799	3.3827	3.2918	3.2078	3.1309	3.0545	2.991	2.9317	2.8684	2.8105	2.7551
"Sao Tome and Principe"	678	4.6502	4.4869	4.3128	4.1503	3.9926	3.8505	3.7189	3.6035	3.495	3.3957	3.3036	3.2228	3.142	3.0749	3.011	2.9496	2.892
"Saudi Arabia"	682	2.8494	2.7315	2.6179	2.5182	2.4285	2.3493	2.2825	2.2247	2.1798	2.1487	2.125	2.1084	2.097	2.0886	2.0843	2.082	2.081
"Senegal"	686	5.1202	4.9174	4.7167	4.5293	4.3577	4.1939	4.0425	3.9045	3.7819	3.6612	3.5561	3.4596	3.3681	3.2853	3.203	3.1334	3.0633
"Serbia"	688	1.7107	1.7803	1.8305	1.871	1.906	1.9328	1.9565	1.976	1.9929	2.0076	2.0205	2.0326	2.0424	2.0513	2.0596	2.0658	2.0723
"Seychelles"	690	2.3954	2.3609	2.3238	2.29	2.2593	2.234	2.2123	2.1961	2.182	2.1708	2.1611	2.1556	2.1509	2.1463	2.1461	2.1432	2.1443
"Sierra Leone"	694	4.6044	4.308	4.0351	3.7913	3.5763	3.3993	3.2417	3.1099	2.987	2.8855	2.7983	2.7189	2.6374	2.5695	2.5047	2.4437	2.3915
"Singapore"	702	1.3769	1.4501	1.5107	1.5603	1.6037	1.6416	1.6767	1.7081	1.7317	1.7553	1.7784	1.798	1.8168	1.8321	1.8479	1.8606	1.8745
"Slovakia"	703	1.5579	1.6621	1.7423	1.8044	1.8538	1.893	1.9266	1.9547	1.9764	2.0008	2.0143	2.0291	2.0426	2.0517	2.0625	2.0694	2.0774
"Slovenia"	705	1.765	1.8576	1.9207	1.9691	2.0042	2.0326	2.0571	2.0755	2.0919	2.1064	2.1155	2.1247	2.1324	2.1352	2.1412	2.1482	2.1503
"Solomon Islands"	90	4.0583	3.916	3.7721	3.6329	3.5011	3.3817	3.2788	3.178	3.0894	3.0063	2.9269	2.8595	2.7943	2.7296	2.6685	2.6119	2.5535
"Somalia"	706	6.3934	6.0831	5.778	5.4861	5.2091	4.9498	4.7147	4.497	4.3013	4.1161	3.9533	3.8059	3.6635	3.543	3.4344	3.3319	3.2338
"South Africa"	710	2.519	2.4948	2.4537	2.4056	2.3656	2.3221	2.2821	2.2467	2.2177	2.1876	2.1667	2.1498	2.1372	2.1279	2.1198	2.1148	2.1094
"South Sudan"	728	5.0403	4.7971	4.555	4.3335	4.1227	3.9416	3.7691	3.6197	3.4861	3.3635	3.2548	3.154	3.0677	2.9822	2.9128	2.8448	2.7807
"Spain"	724	1.4994	1.5974	1.6743	1.7351	1.7849	1.8285	1.8636	1.8941	1.9195	1.9402	1.9601	1.9765	1.9937	2.0065	2.0179	2.0277	2.0377
"Sri Lanka"	144	2.2498	2.2444	2.2205	2.1953	2.1743	2.1521	2.1354	2.1262	2.1155	2.1084	2.1038	2.1018	2.0994	2.1013	2.1018	2.1028	2.1043
"State of Palestine"	275	4.2549	4.0921	3.9259	3.7754	3.6346	3.5051	3.3873	3.2794	3.183	3.0991	3.0186	2.9412	2.8719	2.8034	2.7437	2.6804	2.6242
"Sudan"	729	4.4318	4.2631	4.0915	3.9319	3.7807	3.6473	3.527	3.4157	3.3173	3.2245	3.1381	3.0581	2.9884	2.9215	2.8619	2.8007	2.7434
"Suriname"	740	2.5134	2.4886	2.4446	2.3953	2.3466	2.3003	2.2561	2.2235	2.1948	2.1716	2.1532	2.1391	2.1288	2.1234	2.1201	2.1134	2.1104
"Swaziland"	748	3.3451	3.1988	3.059	2.934	2.8292	2.733	2.651	2.5739	2.5005	2.4349	2.3758	2.3213	2.2773	2.2373	2.2065	2.1805	2.1612
"Sweden"	752	2.0407	2.0839	2.114	2.1355	2.1507	2.1628	2.1719	2.1801	2.1866	2.1927	2.1979	2.2015	2.2037	2.2088	2.2114	2.2122	2.2144
"Switzerland"	756	1.6907	1.7767	1.8395	1.8875	1.9262	1.9562	1.9808	2.0032	2.022	2.0364	2.0484	2.0615	2.0718	2.0804	2.0859	2.094	2.0992
"Syrian Arab Republic"	760	3.0346	2.905	2.7832	2.6743	2.5748	2.4807	2.3994	2.3282	2.2654	2.2142	2.1768	2.1458	2.1252	2.1114	2.1023	2.0926	2.0871
"Tajikistan"	762	3.6012	3.4996	3.395	3.2912	3.1949	3.109	3.0305	2.9606	2.8943	2.8281	2.7698	2.7102	2.659	2.6039	2.5546	2.4998	2.4517
"TFYR Macedonia"	807	1.6708	1.7445	1.8014	1.8465	1.8829	1.9138	1.938	1.9597	1.9772	1.9928	2.0084	2.0224	2.0321	2.0416	2.0494	2.0576	2.0665
"Thailand"	764	1.6622	1.7193	1.7591	1.7949	1.8269	1.8558	1.8791	1.9046	1.9256	1.9426	1.959	1.9751	1.9895	2.0011	2.0147	2.0242	2.0334
"Timor-Leste"	626	5.6438	5.2844	4.9419	4.6232	4.3391	4.0924	3.8722	3.6741	3.5054	3.3574	3.2249	3.1064	3.0012	2.9089	2.8212	2.7393	2.6631
"Togo"	768	4.6425	4.4554	4.269	4.0925	3.9375	3.7906	3.6586	3.5419	3.4282	3.3292	3.2354	3.1494	3.0672	2.9961	2.9274	2.8608	2.8039
"Tonga"	776	3.862	3.7741	3.6761	3.5783	3.4866	3.3969	3.3109	3.2356	3.1596	3.0874	3.0246	2.9632	2.9108	2.8501	2.7991	2.7502	2.6973
"Trinidad and Tobago"	780	1.9399	1.9627	1.9728	1.9789	1.9866	1.9934	2.002	2.0121	2.0184	2.0262	2.0325	2.042	2.0472	2.056	2.0612	2.0668	2.0738
"Tunisia"	788	2.2296	2.2144	2.1946	2.1797	2.1658	2.1542	2.148	2.1415	2.1359	2.1326	2.13	2.1303	2.1282	2.128	2.127	2.1294	2.1292
"Turkey"	792	2.2292	2.2207	2.1955	2.1669	2.1405	2.1202	2.1022	2.0886	2.0798	2.0754	2.0749	2.0722	2.0735	2.0753	2.0773	2.0791	2.0813
"Turkmenistan"	795	2.4495	2.4212	2.3766	2.3281	2.2805	2.242	2.2036	2.1732	2.1465	2.1273	2.1151	2.1037	2.0994	2.0946	2.091	2.0885	2.0906
"Uganda"	800	5.7502	5.4723	5.1963	4.9285	4.6813	4.4463	4.2335	4.0458	3.8708	3.7183	3.5714	3.4466	3.3307	3.2338	3.1389	3.0568	2.9752
"Ukraine"	804	1.6734	1.7672	1.8371	1.8897	1.931	1.9649	1.9918	2.0166	2.0341	2.0493	2.0632	2.0755	2.0853	2.0926	2.1002	2.1065	2.1137
"United Arab Emirates"	784	1.9455	1.9533	1.9495	1.9497	1.9531	1.9587	1.9668	1.9761	1.9849	1.9942	2.0038	2.0114	2.0194	2.0316	2.0374	2.0466	2.0522
"United Kingdom"	826	2.0204	2.0504	2.0703	2.0861	2.098	2.1061	2.1132	2.1175	2.1238	2.1302	2.1326	2.1362	2.1386	2.141	2.1434	2.1452	2.1461
"United Republic of Tanzania"	834	5.2084	5.0272	4.839	4.6526	4.4736	4.3103	4.155	4.0172	3.8829	3.766	3.6545	3.5491	3.4521	3.369	3.2885	3.2184	3.1469
"United States of America"	840	2.0093	2.0505	2.0775	2.0992	2.1138	2.1261	2.1355	2.1462	2.1514	2.1558	2.1598	2.1657	2.1687	2.171	2.1724	2.1756	2.1773
"United States Virgin Islands"	850	2.4136	2.3869	2.3439	2.301	2.2611	2.2292	2.2013	2.1852	2.1678	2.1539	2.1452	2.1401	2.1355	2.1316	2.1299	2.131	2.1291
"Uruguay"	858	2.1987	2.209	2.2013	2.189	2.1759	2.1658	2.1553	2.1444	2.1378	2.1331	2.1262	2.1247	2.1231	2.1231	2.1218	2.1193	2.1198
"Uzbekistan"	860	2.5702	2.5247	2.4685	2.4143	2.3628	2.3199	2.2796	2.2452	2.2135	2.191	2.1708	2.157	2.1465	2.1391	2.1306	2.1268	2.1237
"Vanuatu"	548	3.4947	3.4298	3.3535	3.2741	3.1927	3.1136	3.0466	2.9792	2.9187	2.8588	2.8005	2.7424	2.6906	2.6376	2.5916	2.5441	2.4968
"Venezuela (Bolivarian Republic of)"	862	2.5155	2.4896	2.4472	2.3969	2.3471	2.2997	2.2562	2.219	2.193	2.1677	2.1497	2.1328	2.1218	2.1146	2.1113	2.1056	2.1035
"Viet Nam"	704	2.0635	2.0941	2.1142	2.1276	2.1386	2.1486	2.1558	2.1629	2.167	2.1711	2.1768	2.1785	2.179	2.182	2.1853	2.1841	2.1877
"Western Sahara"	732	2.2931	2.253	2.2013	2.1557	2.1136	2.0861	2.0675	2.056	2.0472	2.0423	2.043	2.0417	2.0461	2.0492	2.0526	2.0589	2.0626
"Yemen"	887	4.0914	3.7534	3.4686	3.2273	3.0203	2.839	2.6811	2.5389	2.4165	2.309	2.2237	2.1597	2.1171	2.0883	2.0693	2.0573	2.0519
"Zambia"	894	5.4289	5.2574	5.0808	4.9055	4.738	4.5835	4.4358	4.307	4.1823	4.0635	3.9539	3.8492	3.7473	3.6618	3.5803	3.501	3.4187
"Zimbabwe"	716	3.9379	3.7287	3.5379	3.3677	3.2142	3.0784	2.9615	2.8606	2.7631	2.6729	2.5931	2.5125	2.4395	2.3759	2.3201	2.2766	2.2429
