"country"	"country_code"	"2015-2020"	"2020-2025"	"2025-2030"	"2030-2035"	"2035-2040"	"2040-2045"	"2045-2050"	"2050-2055"	"2055-2060"	"2060-2065"	"2065-2070"	"2070-2075"	"2075-2080"	"2080-2085"	"2085-2090"	"2090-2095"	"2095-2100"
"World"	900	2.472353545	2.425839135	2.384866547	2.345441936	2.307309193	2.275934352	2.24849839	2.21929955	2.184715092	2.15238913	2.123967885	2.098956326	2.075378291	2.051948581	2.029299615	2.00644673	1.985161251
"More developed regions"	901	1.692123214	1.719670423	1.751465916	1.77436007	1.792631326	1.808395441	1.821641663	1.832774483	1.841975362	1.849297356	1.856084803	1.861504749	1.866112183	1.870094469	1.873887626	1.876851743	1.879504627
"Less developed regions"	902	2.582394225	2.518008451	2.465330973	2.416831964	2.369526346	2.330817668	2.297471642	2.262325438	2.22189146	2.185275344	2.153345952	2.12499917	2.098027316	2.071306384	2.04570459	2.020197971	1.996533952
"Least developed countries"	941	3.975394503	3.718849388	3.504894714	3.326539138	3.173698708	3.035416811	2.908756809	2.793784168	2.689937908	2.598049557	2.514708103	2.439594887	2.36847934	2.302699508	2.243198274	2.18698956	2.135933133
"Other less developed countries"	934	2.316036517	2.260986436	2.216810112	2.176020893	2.136875841	2.109759165	2.089494726	2.066512257	2.037305948	2.0123436	1.993449594	1.978340122	1.965329071	1.952096654	1.939457357	1.92712767	1.91612482
"Less developed regions, excluding China"	948	2.845564226	2.728575545	2.63038518	2.546858736	2.475921993	2.418740418	2.368116403	2.31946935	2.272715515	2.230670887	2.193033844	2.159060722	2.126948551	2.096081208	2.067280132	2.039106229	2.01278438
"High-income countries"	1503	1.758283326	1.771017243	1.789252602	1.802458228	1.81035704	1.816106075	1.822606164	1.828740372	1.834331986	1.840038604	1.845646395	1.849903629	1.853465005	1.856898989	1.860744983	1.864269172	1.867722446
"Middle-income countries"	1517	2.363787253	2.307301768	2.259214132	2.215864899	2.176729218	2.149685613	2.128961143	2.10552718	2.075665868	2.049493716	2.029438598	2.013346553	1.999135553	1.984255005	1.969760056	1.955039062	1.941454085
"Upper-middle-income countries"	1502	1.855546188	1.836888288	1.834685819	1.847638031	1.860485329	1.872696226	1.887141899	1.89773132	1.898502372	1.898880444	1.900532992	1.903048588	1.904653648	1.903177542	1.900189035	1.893875912	1.887568991
"Lower-middle-income countries"	1501	2.749191333	2.623247141	2.516268699	2.425568118	2.349879356	2.291591785	2.241279015	2.194591965	2.151864582	2.115422694	2.085652558	2.060210741	2.037983171	2.016954437	1.998029275	1.980339992	1.963807274
"Low-income countries"	1500	4.516555916	4.174816631	3.882164781	3.634160359	3.423321183	3.237019806	3.070249923	2.9216357	2.789388786	2.674748155	2.572743389	2.483015781	2.399987985	2.325038073	2.25781107	2.195510109	2.140145464
"Sub-Saharan Africa"	947	4.748279531	4.422140123	4.127038107	3.86237279	3.62720597	3.41703194	3.228926542	3.061196093	2.9117583	2.78001115	2.664594606	2.562782925	2.470049708	2.386434619	2.311638705	2.243482032	2.182437943
"Africa"	903	4.414852046	4.142508537	3.892785346	3.663862252	3.457241723	3.272368962	3.108297917	2.961492454	2.828802187	2.709462682	2.603631137	2.509983976	2.425175189	2.348521236	2.279837526	2.216460266	2.159597511
"Eastern Africa"	910	4.523592633	4.158239704	3.850909692	3.592079844	3.374899438	3.187524409	3.023522582	2.878818088	2.750950459	2.640796852	2.545307028	2.461041248	2.383945696	2.315474719	2.254440431	2.198183052	2.148035424
"Burundi"	108	5.6581	5.2642	4.8918	4.5485	4.2327	3.9459	3.6948	3.4753	3.2785	3.104	2.9543	2.822	2.7036	2.5958	2.502	2.4077	2.331
"Comoros"	174	4.2331	3.9122	3.633	3.3932	3.1893	3.0142	2.8605	2.7296	2.6086	2.502	2.4046	2.3158	2.2334	2.16	2.097	2.0424	1.9972
"Djibouti"	262	2.9862	2.7417	2.5541	2.403	2.2795	2.1765	2.0873	2.0159	1.958	1.9115	1.8765	1.8503	1.83	1.8174	1.8113	1.8062	1.8051
"Eritrea"	232	4.0249	3.6967	3.4142	3.1776	2.9822	2.8142	2.6707	2.5508	2.442	2.3414	2.2553	2.1755	2.1093	2.0514	2.0015	1.9639	1.9326
"Ethiopia"	231	3.9901	3.4946	3.1124	2.8212	2.6019	2.4267	2.2833	2.1662	2.0666	1.9866	1.925	1.8778	1.842	1.8181	1.8011	1.7911	1.7865
"Kenya"	404	4.1001	3.8089	3.5593	3.3434	3.1571	2.9964	2.8506	2.7214	2.6018	2.4916	2.3926	2.3014	2.2139	2.1389	2.0732	2.0178	1.9724
"Madagascar"	450	4.2082	3.944	3.7122	3.5104	3.3292	3.1694	3.0269	2.9018	2.7868	2.6807	2.5868	2.4977	2.4147	2.3354	2.2646	2.2001	2.1377
"Malawi"	454	4.8768	4.5392	4.231	3.9588	3.7161	3.5063	3.3195	3.1567	3.0095	2.8786	2.7578	2.651	2.551	2.4608	2.3773	2.2984	2.2273
"Mauritius"	480	1.4403	1.4315	1.4685	1.5085	1.5458	1.5801	1.6123	1.6422	1.6677	1.6901	1.7108	1.7287	1.744	1.7561	1.7688	1.7794	1.7888
"Mayotte"	175	3.7304	3.4261	3.1751	2.9634	2.7824	2.6232	2.4809	2.3556	2.241	2.1429	2.0577	1.9892	1.9325	1.893	1.8644	1.8409	1.8259
"Mozambique"	508	5.12	4.7896	4.4677	4.161	3.8785	3.6214	3.3905	3.1863	3.0062	2.8539	2.7195	2.6047	2.5037	2.4138	2.3326	2.2581	2.194
"Reunion"	638	2.1211	2.0193	1.9518	1.9003	1.8678	1.8466	1.835	1.8281	1.8245	1.8238	1.8247	1.8253	1.8264	1.8308	1.8335	1.836	1.8413
"Rwanda"	646	3.6173	3.2664	2.9817	2.7453	2.5447	2.3652	2.211	2.0764	1.9661	1.8774	1.8124	1.7652	1.7342	1.7203	1.7156	1.7185	1.7265
"Seychelles"	690	2.2143	2.1133	2.0302	1.9671	1.9204	1.8888	1.8649	1.8527	1.8433	1.8383	1.8367	1.836	1.8373	1.8391	1.8411	1.8429	1.8467
"Somalia"	706	6.121	5.6545	5.2152	4.8003	4.4281	4.0897	3.7913	3.5356	3.3138	3.1182	2.9537	2.8074	2.6759	2.5606	2.4559	2.3632	2.2783
"South Sudan"	728	4.7333	4.3481	4.0024	3.6959	3.4308	3.2013	3.011	2.8494	2.7068	2.5841	2.477	2.382	2.2928	2.2146	2.1489	2.0861	2.0368
"Uganda"	800	5.4569	5.0249	4.6187	4.2475	3.9181	3.6227	3.371	3.1551	2.9696	2.8135	2.6733	2.5586	2.4463	2.352	2.2691	2.1924	2.1249
"United Republic of Tanzania"	834	4.9202	4.6132	4.3294	4.066	3.8266	3.6104	3.4226	3.2522	3.1001	2.9661	2.8484	2.74	2.6441	2.5539	2.472	2.3948	2.3234
"Zambia"	894	5.142	4.8542	4.5894	4.3416	4.1177	3.9143	3.7313	3.5624	3.4122	3.2716	3.1477	3.0297	2.9265	2.8277	2.7391	2.6561	2.5786
"Zimbabwe"	716	3.6464	3.3447	3.1	2.8942	2.72	2.5701	2.4327	2.3132	2.2061	2.1157	2.0434	1.9854	1.939	1.9042	1.8781	1.8592	1.8476
"Middle Africa"	911	5.384163846	4.972613803	4.587898392	4.233781897	3.915454243	3.631241783	3.383407652	3.172843627	2.98867881	2.830764034	2.69215214	2.572965125	2.465293832	2.368669729	2.282322356	2.205913299	2.139395161
"Angola"	24	5.7896	5.3785	4.9786	4.5999	4.2446	3.9248	3.6355	3.3846	3.1674	2.9805	2.8223	2.6857	2.5652	2.4573	2.3648	2.2804	2.2041
"Cameroon"	120	4.4557	4.1321	3.8405	3.5845	3.3663	3.172	3.0065	2.8615	2.7365	2.6237	2.5219	2.4269	2.3449	2.2695	2.1972	2.1311	2.0784
"Central African Republic"	140	4.0157	3.6605	3.3468	3.0822	2.8703	2.6957	2.5518	2.4325	2.3271	2.2387	2.161	2.0934	2.0393	1.9923	1.9571	1.9256	1.9011
"Chad"	148	5.7936	5.3042	4.8469	4.4308	4.0641	3.7393	3.4606	3.2242	3.025	2.8566	2.7093	2.5826	2.4673	2.363	2.268	2.1881	2.1195
"Congo"	178	4.6445	4.3609	4.0968	3.8592	3.6482	3.4578	3.2869	3.1381	3.0039	2.8892	2.781	2.6851	2.5959	2.5135	2.4387	2.3632	2.2955
"Dem. Republic of the Congo"	180	5.6643	5.2002	4.7678	4.3719	4.0183	3.7042	3.4337	3.2088	3.0123	2.8467	2.7012	2.5786	2.4664	2.3665	2.2772	2.1995	2.1319
"Equatorial Guinea"	226	4.5198	4.1026	3.7216	3.3905	3.1125	2.8871	2.7032	2.5524	2.4292	2.3202	2.2276	2.1489	2.0831	2.0281	1.9832	1.9467	1.9189
"Gabon"	266	3.6783	3.4002	3.1627	2.9663	2.8008	2.6593	2.542	2.4407	2.345	2.2641	2.1914	2.1281	2.0688	2.0215	1.9826	1.9507	1.9252
"Sao Tome and Principe"	678	4.3557	4.0683	3.8077	3.5755	3.375	3.1936	3.0381	2.9037	2.7846	2.6752	2.5774	2.4889	2.4085	2.3295	2.2613	2.1983	2.1403
"Northern Africa"	912	3.05243381	2.889014371	2.751727783	2.627659053	2.511980461	2.414677866	2.343849324	2.289344424	2.236375083	2.176834943	2.119084294	2.07035456	2.034994353	2.005158712	1.980622827	1.953232844	1.929902036
"Algeria"	12	2.6176	2.4075	2.2583	2.1465	2.0646	2.0026	1.9581	1.9295	1.9088	1.893	1.8828	1.8772	1.8729	1.8695	1.8704	1.8686	1.8691
"Egypt"	818	3.1618	2.9758	2.8203	2.6886	2.5754	2.4748	2.3793	2.2953	2.2208	2.1516	2.0938	2.043	2.0041	1.9693	1.9427	1.9204	1.9029
"Libya"	434	2.315	2.1437	2.0127	1.9109	1.8395	1.792	1.7677	1.7576	1.7554	1.7581	1.7648	1.7706	1.7779	1.7851	1.7942	1.8	1.8079
"Morocco"	504	2.3813	2.2427	2.132	2.0433	1.9727	1.9188	1.8772	1.8499	1.8319	1.8203	1.8145	1.8119	1.811	1.8127	1.816	1.8175	1.8211
"Sudan"	729	4.1284	3.8338	3.5747	3.3498	3.1563	2.99	2.845	2.7197	2.6082	2.5073	2.416	2.3327	2.2561	2.1852	2.129	2.0738	2.0287
"Tunisia"	788	2.0697	1.9905	1.9296	1.8854	1.8569	1.8395	1.8289	1.8237	1.823	1.8223	1.8235	1.8262	1.8294	1.8333	1.8361	1.8393	1.8428
"Western Sahara"	732	2.0642	1.9439	1.8489	1.7776	1.729	1.6975	1.6839	1.6838	1.6879	1.6984	1.7103	1.7215	1.7348	1.7457	1.7579	1.7676	1.7769
"Southern Africa"	913	2.380789349	2.266546548	2.172425531	2.091156547	2.022482893	1.965947715	1.921236115	1.885554957	1.858852345	1.838343643	1.82426193	1.815172123	1.809103141	1.806063747	1.804546389	1.803672282	1.805998548
"Botswana"	72	2.6717	2.4931	2.3454	2.2243	2.1215	2.0347	1.9652	1.9135	1.8742	1.8444	1.8241	1.8121	1.8058	1.8023	1.8037	1.8049	1.8073
"Lesotho"	426	3.0116	2.8069	2.6439	2.5096	2.3975	2.2979	2.2112	2.1358	2.0723	2.0165	1.9718	1.9344	1.9061	1.8831	1.8668	1.8535	1.8455
"Namibia"	516	3.3108	3.0732	2.8759	2.7121	2.5716	2.4486	2.3406	2.2449	2.1624	2.0855	2.0218	1.9735	1.9356	1.907	1.8843	1.866	1.852
"South Africa"	710	2.282	2.179	2.0933	2.0177	1.9558	1.9066	1.8686	1.8391	1.8186	1.8048	1.7969	1.793	1.7912	1.7918	1.7931	1.7945	1.799
"Swaziland"	748	3.0616	2.8237	2.6339	2.4774	2.346	2.2312	2.1312	2.0486	1.9809	1.9249	1.8821	1.8523	1.8286	1.8145	1.8054	1.8014	1.7998
"Western Africa"	914	5.210671528	4.883756842	4.567350702	4.27236051	4.001231328	3.753414287	3.52732294	3.323954822	3.143603565	2.981583363	2.839931076	2.714633444	2.601842273	2.500154867	2.409983345	2.328176548	2.254204764
"Benin"	204	4.5019	4.1522	3.8415	3.5738	3.3408	3.1371	2.9645	2.8153	2.6867	2.5737	2.4706	2.3776	2.2921	2.2161	2.1451	2.0877	2.0373
"Burkina Faso"	854	5.2347	4.8442	4.4789	4.1453	3.8422	3.576	3.3423	3.1446	2.9715	2.8229	2.693	2.5823	2.4751	2.3835	2.2989	2.2242	2.1576
"Cabo Verde"	132	2.1864	2.0495	1.9429	1.8626	1.8044	1.7661	1.7416	1.7316	1.728	1.7293	1.7358	1.7434	1.7519	1.761	1.7706	1.779	1.787
"Cote d'Ivoire"	384	4.7675	4.4676	4.2016	3.9609	3.7498	3.5588	3.3868	3.236	3.0994	2.9712	2.8578	2.7495	2.6534	2.5583	2.4742	2.3925	2.3121
"Gambia"	270	5.5272	5.2216	4.8709	4.5072	4.1471	3.805	3.4847	3.2024	2.9628	2.7592	2.5962	2.4596	2.3434	2.2474	2.1644	2.0948	2.0361
"Ghana"	288	3.9531	3.6924	3.4672	3.2726	3.1031	2.9563	2.8272	2.7115	2.6069	2.51	2.4239	2.3404	2.2612	2.1914	2.1293	2.0743	2.0296
"Guinea"	324	4.7339	4.3624	4.0239	3.7214	3.4593	3.234	3.0444	2.8785	2.7361	2.6163	2.5049	2.4069	2.3203	2.24	2.1713	2.1079	2.0554
"Guinea-Bissau"	624	4.5604	4.2041	3.8898	3.6157	3.3755	3.1755	2.9992	2.8456	2.7142	2.598	2.491	2.3987	2.3144	2.2343	2.1666	2.1049	2.0505
"Liberia"	430	4.4735	4.1495	3.8586	3.6013	3.3767	3.1901	3.0211	2.8771	2.7514	2.6372	2.5336	2.4405	2.354	2.2766	2.2044	2.1405	2.0851
"Mali"	466	5.9198	5.4704	5.0323	4.6151	4.2296	3.8811	3.5681	3.3004	3.0742	2.8821	2.7217	2.588	2.4704	2.3643	2.2771	2.1926	2.1264
"Mauritania"	478	4.3921	4.1141	3.8587	3.6346	3.4328	3.252	3.0971	2.9614	2.8413	2.7343	2.6336	2.5432	2.461	2.3825	2.3083	2.2423	2.1817
"Niger"	562	7.4569	7.1284	6.684	6.2119	5.7493	5.2984	4.872	4.4701	4.1109	3.7959	3.5195	3.2811	3.0748	2.8944	2.7438	2.607	2.4877
"Nigeria"	566	5.4082	5.0695	4.7374	4.4205	4.1202	3.8441	3.5935	3.3725	3.1796	3.0062	2.8579	2.7289	2.6146	2.5134	2.4234	2.3435	2.2696
"Senegal"	686	4.8276	4.5083	4.2199	3.9651	3.7396	3.5359	3.3602	3.1998	3.059	2.9321	2.8174	2.7122	2.6166	2.5248	2.4369	2.3573	2.2838
"Sierra Leone"	694	4.2773	3.823	3.4379	3.1283	2.881	2.6824	2.5251	2.3905	2.2805	2.1852	2.1042	2.0347	1.9778	1.9354	1.9019	1.8771	1.8569
"Togo"	768	4.3456	4.0409	3.7701	3.5342	3.3323	3.1546	2.9989	2.8616	2.737	2.6279	2.5269	2.4338	2.3443	2.2672	2.1943	2.1298	2.0745
"Asia"	935	2.147946673	2.094368768	2.049722983	2.005301106	1.962480659	1.935516202	1.918094689	1.898284176	1.872147483	1.853321179	1.842603657	1.837483414	1.835007999	1.832405535	1.830514139	1.829155618	1.829527553
"Eastern Asia"	906	1.577473777	1.592759903	1.632069474	1.677339804	1.702627519	1.71399055	1.725903516	1.739657741	1.754086727	1.768612375	1.779408894	1.786451043	1.791419194	1.79546152	1.801601342	1.807935452	1.814334102
"China"	156	1.5907	1.6252	1.655	1.6809	1.7026	1.7199	1.7359	1.7492	1.7617	1.772	1.7803	1.7881	1.7952	1.8002	1.806	1.8104	1.8148
"China, Hong Kong SAR"	344	1.2974	1.3765	1.4433	1.5011	1.5501	1.5923	1.6275	1.6584	1.6843	1.7063	1.7258	1.7431	1.7563	1.7679	1.7785	1.7883	1.7965
"China, Macao SAR"	446	1.3394	1.4537	1.5439	1.6134	1.6689	1.7113	1.7444	1.7722	1.7937	1.8106	1.8236	1.8354	1.8439	1.8514	1.8587	1.8636	1.8673
"Dem. People's Rep. of Korea"	408	1.9361	1.8977	1.8705	1.8492	1.8325	1.8219	1.8165	1.8126	1.8123	1.8148	1.8163	1.8192	1.8228	1.826	1.8281	1.8314	1.8332
"Japan"	392	1.4627	1.5195	1.5656	1.6061	1.6399	1.6698	1.6936	1.7139	1.7319	1.7471	1.7594	1.771	1.7791	1.7875	1.7944	1.8005	1.8066
"Mongolia"	496	2.5375	2.4255	2.3325	2.2557	2.1925	2.139	2.0977	2.0637	2.0337	2.0118	1.9934	1.9777	1.9662	1.9562	1.9468	1.9399	1.9337
"Republic of Korea"	410	1.3294	1.3925	1.4472	1.4959	1.5367	1.5729	1.6039	1.6307	1.653	1.6725	1.6899	1.7061	1.7195	1.7319	1.743	1.7509	1.7566
"China, Taiwan Province of China"	158	1.0314	1.0601	1.1522	1.2361	1.3141	1.3832	1.4459	1.4997	1.5468	1.5863	1.6198	1.6513	1.6768	1.6981	1.716	1.7315	1.7455
"South-Central Asia"	921	2.423263259	2.298839525	2.184824287	2.088653356	2.016962874	1.970471428	1.931855828	1.895837491	1.862794553	1.838601074	1.822487208	1.812976152	1.807872878	1.804189828	1.801989562	1.801111429	1.802259041
"Central Asia"	5500	2.554856667	2.439969201	2.33486251	2.238917401	2.16135857	2.113770722	2.077257378	2.038912559	2.000671858	1.967741624	1.941814773	1.92058164	1.903717715	1.891325448	1.88173493	1.873191869	1.86629583
"Kazakhstan"	398	2.5312	2.4357	2.3496	2.2758	2.2119	2.1547	2.1045	2.0608	2.0224	1.9893	1.9634	1.9422	1.9242	1.9103	1.899	1.8899	1.883
"Kyrgyzstan"	417	2.9263	2.7711	2.6409	2.5305	2.4351	2.3508	2.2759	2.207	2.1474	2.0961	2.0511	2.0123	1.9827	1.9553	1.936	1.9193	1.909
"Tajikistan"	762	3.3182	3.1167	2.9456	2.802	2.6755	2.5662	2.4649	2.3747	2.2919	2.2158	2.1493	2.0891	2.0367	1.9931	1.957	1.9291	1.9061
"Turkmenistan"	795	2.2156	2.1093	2.0191	1.9475	1.8874	1.8449	1.8106	1.7908	1.7775	1.769	1.7668	1.7678	1.771	1.7737	1.7797	1.7839	1.7901
"Uzbekistan"	860	2.329	2.2101	2.1142	2.0384	1.975	1.9295	1.8937	1.8659	1.8478	1.835	1.8265	1.8223	1.8199	1.8199	1.8201	1.8215	1.8251
"Southern Asia"	5501	2.417551749	2.291716977	2.178330549	2.084655937	2.014179667	1.966277216	1.925870476	1.88955038	1.857494501	1.834477568	1.818854403	1.809314754	1.804148438	1.800604297	1.798739808	1.79820056	1.799595035
"Afghanistan"	4	4.245	3.5267	3.0159	2.6726	2.4221	2.2345	2.0871	1.9722	1.8849	1.8208	1.7739	1.746	1.7311	1.7257	1.7262	1.7306	1.7385
"Bangladesh"	50	2.0757	1.9452	1.842	1.7642	1.7123	1.6801	1.6676	1.6675	1.6754	1.686	1.6997	1.7164	1.7301	1.7426	1.7543	1.7653	1.7767
"Bhutan"	64	1.9264	1.7908	1.6902	1.6235	1.5861	1.5766	1.5852	1.6047	1.6296	1.6504	1.6757	1.6966	1.7137	1.7302	1.7461	1.7582	1.77
"India"	356	2.3429	2.231	2.1353	2.0567	1.9892	1.9364	1.8918	1.8581	1.8321	1.8157	1.8037	1.7952	1.792	1.7913	1.7918	1.7933	1.7958
"Iran (Islamic Republic of)"	364	1.6184	1.5249	1.49	1.507	1.5432	1.5783	1.6101	1.6385	1.662	1.6876	1.7076	1.7264	1.7418	1.7542	1.7681	1.7792	1.7888
"Maldives"	462	1.9835	1.8289	1.7239	1.663	1.6432	1.6497	1.6669	1.6853	1.702	1.7185	1.7351	1.7483	1.7609	1.7725	1.7831	1.792	1.8005
"Nepal"	524	2.0928	1.9475	1.8458	1.774	1.7286	1.7005	1.6917	1.6905	1.6964	1.7071	1.7188	1.7303	1.7421	1.7522	1.7642	1.7735	1.7833
"Pakistan"	586	3.3776	3.101	2.8798	2.701	2.5513	2.4213	2.3093	2.2114	2.1273	2.055	1.9943	1.9459	1.9081	1.879	1.8585	1.8414	1.8304
"Sri Lanka"	144	2.0264	1.9557	1.9031	1.8611	1.8324	1.8157	1.8026	1.7965	1.7936	1.7932	1.7947	1.7982	1.8028	1.8077	1.8118	1.816	1.8206
"South-Eastern Asia"	920	2.250693347	2.163811128	2.098971143	2.050863901	2.0104062	1.970980716	1.936330986	1.907969058	1.886251226	1.870676617	1.858833278	1.849212902	1.842605573	1.837396605	1.834314865	1.833410983	1.833562651
"Brunei Darussalam"	96	1.8188	1.7553	1.7154	1.6931	1.6835	1.6815	1.6869	1.696	1.7071	1.7186	1.7298	1.7422	1.7524	1.7626	1.7728	1.7822	1.7909
"Cambodia"	116	2.5262	2.3862	2.2701	2.174	2.095	2.0253	1.9676	1.9184	1.8817	1.853	1.8333	1.8179	1.8072	1.7995	1.7977	1.7949	1.7971
"Indonesia"	360	2.3566	2.2401	2.1436	2.0661	2.0021	1.9513	1.9145	1.8873	1.866	1.853	1.8444	1.8375	1.8358	1.8347	1.8338	1.8354	1.8373
"Lao People's Dem. Republic"	418	2.7705	2.5281	2.3403	2.1874	2.066	1.9685	1.8902	1.8371	1.8009	1.7786	1.7667	1.7627	1.7625	1.7661	1.7725	1.7797	1.7866
"Malaysia"	458	1.895	1.8323	1.7876	1.7553	1.7366	1.7268	1.7244	1.7258	1.73	1.7378	1.7476	1.7548	1.7636	1.7722	1.7803	1.7874	1.7933
"Myanmar"	104	2.1342	2.0354	1.9541	1.8912	1.8427	1.8108	1.7894	1.7781	1.77	1.7693	1.7719	1.7747	1.78	1.7841	1.7909	1.7968	1.8033
"Philippines"	608	2.8666	2.7175	2.5901	2.4721	2.372	2.2788	2.1977	2.1199	2.0566	2.0018	1.957	1.9207	1.8901	1.8675	1.8503	1.8384	1.8294
"Singapore"	702	1.2611	1.287	1.309	1.3305	1.3508	1.368	1.3845	1.3996	1.414	1.4254	1.4378	1.4476	1.4584	1.467	1.4745	1.4826	1.4895
"Thailand"	764	1.4577	1.4161	1.4333	1.4728	1.5114	1.5484	1.5831	1.6153	1.6426	1.6692	1.6913	1.7114	1.7304	1.7458	1.7586	1.7702	1.7797
"Timor-Leste"	626	5.3275	4.7839	4.2984	3.8821	3.5251	3.2324	2.9927	2.7971	2.6327	2.4915	2.373	2.2656	2.1743	2.0957	2.0348	1.9834	1.9432
"Viet Nam"	704	1.9507	1.9419	1.9327	1.9274	1.9236	1.9209	1.9169	1.9158	1.914	1.9129	1.9105	1.9105	1.91	1.9077	1.9085	1.9079	1.9072
"Western Asia"	922	2.745451131	2.612789647	2.510283791	2.428126422	2.355193744	2.2913694	2.236734472	2.191311465	2.153479105	2.122341074	2.094497556	2.073336561	2.054899919	2.036086711	2.018589303	1.998030532	1.978623223
"Armenia"	51	1.5072	1.5004	1.5248	1.5512	1.5797	1.6077	1.633	1.6577	1.6804	1.6998	1.7176	1.735	1.7491	1.7618	1.7728	1.7818	1.791
"Azerbaijan"	31	2.2223	2.1499	2.0904	2.0395	1.9977	1.9626	1.936	1.9163	1.9008	1.8886	1.8808	1.8745	1.8699	1.8664	1.8648	1.8643	1.8639
"Bahrain"	48	1.9789	1.8754	1.7944	1.7343	1.6962	1.677	1.6701	1.671	1.6797	1.6921	1.7054	1.7193	1.73	1.7417	1.754	1.7652	1.7749
"Cyprus"	196	1.4201	1.4225	1.4596	1.4991	1.5354	1.5714	1.6039	1.6331	1.6592	1.6837	1.7053	1.723	1.7388	1.7527	1.7662	1.7759	1.7861
"Georgia"	268	1.8189	1.8271	1.8339	1.8399	1.8469	1.8508	1.855	1.8583	1.8609	1.8636	1.8677	1.8689	1.8703	1.8697	1.8722	1.8724	1.8732
"Iraq"	368	4.3501	4.0887	3.8551	3.6505	3.4688	3.3087	3.1659	3.0357	2.9177	2.8142	2.7141	2.6223	2.5363	2.4552	2.381	2.307	2.2401
"Israel"	376	2.9261	2.8116	2.7094	2.616	2.5292	2.4519	2.3768	2.3058	2.2394	2.1797	2.1254	2.0794	2.0394	2.0074	1.9777	1.9558	1.9375
"Jordan"	400	3.1962	2.9418	2.7374	2.5667	2.4191	2.2933	2.1817	2.0883	2.0103	1.9465	1.8991	1.8657	1.8397	1.8216	1.8118	1.8059	1.8022
"Kuwait"	414	2.0425	1.966	1.9238	1.9009	1.8841	1.8718	1.8642	1.8607	1.8576	1.8563	1.8571	1.8581	1.8593	1.8597	1.8606	1.8627	1.8633
"Lebanon"	422	1.7092	1.7044	1.7033	1.7059	1.7104	1.715	1.723	1.7325	1.7416	1.7523	1.7622	1.7712	1.779	1.7875	1.7942	1.8014	1.8066
"Oman"	512	2.5147	2.2564	2.0624	1.9112	1.8011	1.73	1.693	1.6831	1.6899	1.7045	1.7187	1.732	1.7447	1.7567	1.7685	1.7783	1.7876
"Qatar"	634	1.9489	1.8432	1.762	1.7072	1.6723	1.6549	1.6502	1.6554	1.6662	1.6816	1.697	1.7135	1.7275	1.7414	1.7532	1.7645	1.7751
"Saudi Arabia"	682	2.5928	2.3933	2.2314	2.1023	1.9937	1.9072	1.842	1.7965	1.7687	1.753	1.7441	1.7453	1.749	1.7556	1.7621	1.7689	1.7774
"State of Palestine"	275	3.9459	3.6509	3.3986	3.1846	3.0052	2.8495	2.7113	2.591	2.4878	2.3896	2.3013	2.2215	2.149	2.0865	2.0364	1.9904	1.9531
"Syrian Arab Republic"	760	2.7713	2.5621	2.3909	2.2456	2.1216	2.0191	1.935	1.8717	1.8241	1.7915	1.7728	1.7595	1.7579	1.7566	1.7618	1.7657	1.7721
"Turkey"	792	2.0052	1.9242	1.8626	1.817	1.785	1.7635	1.7522	1.7481	1.7481	1.751	1.755	1.7622	1.7702	1.7756	1.7834	1.7908	1.7961
"United Arab Emirates"	784	1.7285	1.6594	1.6192	1.604	1.6047	1.615	1.6313	1.651	1.6706	1.6899	1.7076	1.7256	1.7403	1.7528	1.7653	1.7763	1.7853
"Yemen"	887	3.7859	3.358	3.02	2.7489	2.519	2.3248	2.1573	2.0121	1.8936	1.8028	1.7344	1.6954	1.6699	1.6622	1.6674	1.677	1.6928
"Europe"	908	1.623574826	1.655898334	1.693857985	1.726506665	1.753491166	1.774920865	1.789286412	1.800595829	1.811296397	1.821659078	1.831841612	1.839157904	1.844194227	1.847944386	1.85226094	1.856388883	1.861100571
"Eastern Europe"	923	1.595785366	1.633244627	1.673801626	1.71162538	1.745217654	1.771345273	1.790365354	1.805653684	1.81848436	1.830310183	1.842285393	1.85032075	1.856341297	1.861057222	1.866010907	1.870100451	1.874781694
"Belarus"	112	1.6439	1.6907	1.7282	1.7575	1.7812	1.8013	1.8166	1.8299	1.8391	1.8476	1.8545	1.8601	1.8654	1.8691	1.8726	1.8755	1.878
"Bulgaria"	100	1.5982	1.659	1.7056	1.7434	1.7714	1.7932	1.8107	1.8255	1.8369	1.8466	1.8531	1.8601	1.8644	1.8674	1.871	1.8735	1.8752
"Czech Republic"	203	1.5362	1.6023	1.6549	1.6979	1.7316	1.7578	1.7792	1.7972	1.8106	1.8224	1.8325	1.8393	1.8462	1.8513	1.8558	1.8596	1.8616
"Hungary"	348	1.4022	1.4577	1.5033	1.5454	1.5803	1.6113	1.637	1.6612	1.6817	1.6981	1.7134	1.7264	1.7379	1.7482	1.7568	1.7621	1.7693
"Poland"	616	1.3274	1.3334	1.3842	1.433	1.4808	1.523	1.5634	1.5993	1.6318	1.6574	1.6823	1.7033	1.7217	1.7381	1.7514	1.7636	1.7751
"Republic of Moldova"	498	1.2293	1.2416	1.3053	1.3667	1.4224	1.4743	1.5219	1.5642	1.6014	1.6326	1.6603	1.6864	1.7069	1.7251	1.7394	1.7523	1.7659
"Romania"	642	1.5348	1.581	1.6176	1.6507	1.6789	1.7016	1.7224	1.7393	1.755	1.7668	1.7774	1.7867	1.7956	1.8015	1.8066	1.8121	1.8165
"Russian Federation"	643	1.717	1.7601	1.7922	1.8185	1.8386	1.8536	1.8659	1.8757	1.8819	1.8875	1.8942	1.8978	1.9008	1.9033	1.9059	1.9072	1.9098
"Slovakia"	703	1.4379	1.4968	1.545	1.5878	1.6235	1.6529	1.6805	1.703	1.7218	1.7381	1.7505	1.7627	1.7705	1.779	1.7891	1.7945	1.8008
"Ukraine"	804	1.555	1.6079	1.6508	1.6867	1.7153	1.7412	1.7614	1.7782	1.792	1.803	1.8134	1.8206	1.8274	1.8327	1.8385	1.8416	1.8448
"Northern Europe"	924	1.876711133	1.878726431	1.879500878	1.880417498	1.882731913	1.885655265	1.887817873	1.888185117	1.888815611	1.888772804	1.889254315	1.890418699	1.890966546	1.891482146	1.891385515	1.89118816	1.891697887
"Channel Islands"	830	1.4888	1.517	1.542	1.5656	1.5868	1.6054	1.6226	1.6373	1.6513	1.6647	1.6766	1.6863	1.6948	1.7021	1.71	1.7162	1.7215
"Denmark"	208	1.7605	1.7845	1.8035	1.8172	1.8288	1.8408	1.8476	1.8537	1.8584	1.8624	1.8654	1.8679	1.8704	1.8717	1.8742	1.8748	1.8763
"Estonia"	233	1.6556	1.7054	1.7418	1.7696	1.7906	1.8096	1.8233	1.8344	1.8433	1.8491	1.8553	1.8594	1.8631	1.8662	1.8693	1.8714	1.8733
"Finland"	246	1.7655	1.7798	1.7912	1.8018	1.8095	1.8166	1.8239	1.8288	1.8325	1.8362	1.8396	1.8411	1.8441	1.8449	1.8478	1.8485	1.8491
"Iceland"	352	1.9008	1.858	1.8276	1.805	1.7919	1.7833	1.7798	1.7785	1.7802	1.7831	1.7854	1.7923	1.7972	1.8012	1.8065	1.8113	1.8156
"Ireland"	372	1.9978	1.9863	1.9757	1.9685	1.9623	1.9571	1.9531	1.9505	1.9477	1.9452	1.9413	1.9398	1.9379	1.935	1.9337	1.9316	1.9298
"Latvia"	428	1.5514	1.6088	1.654	1.6912	1.7211	1.7445	1.7658	1.7826	1.7963	1.807	1.8159	1.8248	1.8314	1.8372	1.8417	1.8455	1.8493
"Lithuania"	440	1.6332	1.6811	1.7186	1.7505	1.7751	1.7943	1.8098	1.8229	1.8336	1.842	1.8493	1.8556	1.8602	1.8653	1.868	1.8716	1.8736
"Norway"	578	1.8119	1.8227	1.831	1.838	1.8435	1.8487	1.8529	1.8571	1.8602	1.8627	1.865	1.8675	1.8686	1.8693	1.8707	1.872	1.873
"Sweden"	752	1.9254	1.9288	1.9315	1.9342	1.9364	1.9379	1.9393	1.9424	1.9437	1.9434	1.9447	1.9447	1.945	1.9448	1.9448	1.9449	1.9445
"United Kingdom"	826	1.908	1.9016	1.8971	1.8941	1.8924	1.8916	1.8917	1.8899	1.8896	1.8887	1.8882	1.8886	1.8882	1.8885	1.8877	1.8872	1.8878
"Southern Europe"	925	1.451318463	1.485497735	1.519599532	1.552262751	1.588700773	1.62698982	1.658143889	1.680501462	1.698304587	1.712856623	1.726731301	1.740340758	1.753709247	1.764733501	1.773865906	1.779822971	1.786343367
"Albania"	8	1.7752	1.7687	1.7644	1.7645	1.7645	1.7676	1.7723	1.7756	1.7798	1.7841	1.791	1.7976	1.8041	1.8083	1.8126	1.8181	1.823
"Bosnia and Herzegovina"	70	1.2296	1.2303	1.2909	1.3531	1.4101	1.463	1.5129	1.5554	1.5933	1.6269	1.6546	1.6788	1.7011	1.7204	1.7371	1.7494	1.7609
"Croatia"	191	1.4771	1.4777	1.5085	1.5424	1.5746	1.6064	1.6334	1.6598	1.6814	1.7024	1.7186	1.7359	1.7492	1.7619	1.7724	1.7822	1.791
"Greece"	300	1.3028	1.3148	1.3685	1.4215	1.4717	1.5153	1.5566	1.5939	1.6265	1.653	1.6778	1.6991	1.7185	1.7344	1.7507	1.7633	1.7735
"Italy"	380	1.49	1.5435	1.5865	1.6235	1.6562	1.6826	1.7052	1.7252	1.7413	1.7551	1.768	1.7773	1.7871	1.794	1.8015	1.8065	1.8123
"Malta"	470	1.4882	1.5346	1.5748	1.6115	1.6444	1.6717	1.6938	1.7155	1.7346	1.7494	1.7623	1.7746	1.7841	1.7928	1.8	1.8082	1.8144
"Montenegro"	499	1.6546	1.6312	1.6344	1.6464	1.6592	1.6735	1.6898	1.7058	1.7208	1.7353	1.7481	1.761	1.7713	1.7815	1.7889	1.7965	1.8037
"Portugal"	620	1.2399	1.2476	1.3093	1.3698	1.4242	1.4759	1.5217	1.5628	1.6002	1.6327	1.6615	1.6841	1.7057	1.7235	1.74	1.7528	1.7649
"Serbia"	688	1.5947	1.6237	1.6489	1.6724	1.6936	1.7122	1.7293	1.7447	1.7567	1.7675	1.7792	1.7888	1.7961	1.8033	1.8096	1.8153	1.8205
"Slovenia"	705	1.646	1.6991	1.7373	1.7706	1.7956	1.8144	1.8293	1.8434	1.8519	1.8604	1.8673	1.8719	1.877	1.8807	1.8844	1.8866	1.8889
"Spain"	724	1.3816	1.4341	1.4791	1.5185	1.5529	1.584	1.6115	1.6341	1.6543	1.6712	1.6853	1.6995	1.7106	1.7222	1.7322	1.7395	1.7474
"TFYR Macedonia"	807	1.5533	1.5875	1.6173	1.6455	1.6702	1.6911	1.711	1.7274	1.7424	1.7552	1.7669	1.7772	1.7867	1.7954	1.8029	1.8077	1.8129
"Western Europe"	926	1.688763648	1.719227747	1.750303842	1.773540175	1.785364064	1.791540938	1.798838644	1.811499498	1.824806939	1.834525795	1.839873408	1.842266411	1.844908368	1.84869171	1.854552442	1.8598612	1.863919866
"Austria"	40	1.5268	1.5776	1.6186	1.6555	1.6841	1.7082	1.7293	1.747	1.7625	1.7751	1.7855	1.7945	1.8027	1.8085	1.816	1.8216	1.8252
"Belgium"	56	1.8313	1.8432	1.8527	1.8613	1.8673	1.873	1.8778	1.8831	1.8853	1.8876	1.8894	1.8913	1.894	1.8939	1.8953	1.8956	1.8963
"France"	250	1.9895	1.9813	1.9764	1.9719	1.9692	1.9668	1.9643	1.964	1.9628	1.9604	1.9582	1.9576	1.9572	1.9566	1.9559	1.9544	1.9538
"Germany"	276	1.4361	1.4749	1.5096	1.5417	1.569	1.5948	1.6167	1.6369	1.654	1.6682	1.6814	1.6929	1.7045	1.7138	1.7228	1.731	1.7391
"Luxembourg"	442	1.6114	1.6473	1.6768	1.702	1.7224	1.7397	1.7542	1.7666	1.7767	1.7848	1.7913	1.7983	1.801	1.8073	1.8116	1.813	1.8169
"Netherlands"	528	1.7693	1.7837	1.7957	1.8063	1.8151	1.823	1.8302	1.8368	1.8428	1.846	1.8501	1.8526	1.8548	1.8573	1.8592	1.8611	1.8624
"Switzerland"	756	1.5737	1.6163	1.6539	1.6833	1.7097	1.7308	1.7486	1.7633	1.7748	1.7857	1.7941	1.8022	1.8099	1.8159	1.8213	1.8257	1.8297
"Latin America and the Caribbean"	904	2.046306902	1.961151662	1.895443803	1.847784242	1.814999609	1.793972626	1.78172791	1.774299829	1.771397833	1.771026978	1.773507383	1.77732248	1.781875162	1.786126028	1.791760011	1.796668286	1.801851181
"Caribbean"	915	2.186071144	2.100745931	2.033170811	1.975753519	1.928724768	1.890269089	1.857690805	1.83263934	1.813294619	1.801098984	1.792217361	1.788891696	1.787684069	1.788255959	1.791439941	1.794398595	1.79860472
"Antigua and Barbuda"	28	2.0328	1.9814	1.9402	1.9056	1.8778	1.8585	1.8424	1.8348	1.8293	1.8258	1.8243	1.8237	1.8255	1.8267	1.8299	1.8297	1.8335
"Aruba"	533	1.6243	1.6133	1.6286	1.6459	1.6642	1.6829	1.6989	1.7169	1.7319	1.7471	1.7592	1.7706	1.7808	1.7902	1.7995	1.8061	1.8127
"Bahamas"	44	1.8305	1.7937	1.7719	1.7582	1.7501	1.7483	1.749	1.7531	1.7578	1.7652	1.7713	1.7765	1.7837	1.7889	1.7963	1.8022	1.8074
"Barbados"	52	1.8005	1.8101	1.8192	1.8268	1.8319	1.8386	1.8442	1.8491	1.8532	1.8562	1.8589	1.8613	1.8625	1.8636	1.8657	1.8668	1.8678
"Cuba"	192	1.5817	1.5698	1.5865	1.6048	1.6247	1.6457	1.6666	1.6872	1.7032	1.7204	1.7346	1.7488	1.762	1.7728	1.7835	1.7916	1.7982
"Curacao"	531	2.0539	2.0127	1.978	1.9505	1.9279	1.913	1.9002	1.8907	1.8829	1.8782	1.8749	1.8716	1.8706	1.8688	1.8695	1.8682	1.8671
"Dominican Republic"	214	2.3766	2.2418	2.1253	2.0289	1.9477	1.8864	1.8401	1.8087	1.7884	1.7759	1.77	1.7694	1.7709	1.7732	1.7798	1.7865	1.7923
"Grenada"	308	2.0761	1.9821	1.9048	1.8464	1.8069	1.7772	1.7608	1.7541	1.7517	1.7532	1.7583	1.7652	1.7713	1.7778	1.7845	1.7903	1.7968
"Guadeloupe"	312	2.1046	2.0485	2.0035	1.9695	1.9417	1.9227	1.9077	1.8973	1.8896	1.8842	1.8812	1.8787	1.8774	1.8759	1.8743	1.8725	1.8728
"Haiti"	332	2.847	2.6276	2.4572	2.3179	2.2057	2.1098	2.0296	1.9658	1.9138	1.8747	1.8438	1.8244	1.8105	1.8027	1.7985	1.7953	1.7967
"Jamaica"	388	1.9901	1.9162	1.8626	1.8228	1.7991	1.7838	1.7745	1.7721	1.773	1.7772	1.7799	1.7865	1.7916	1.797	1.803	1.8079	1.8124
"Martinique"	474	1.8752	1.8308	1.8121	1.8034	1.7991	1.7974	1.7984	1.8033	1.8063	1.8126	1.8175	1.8214	1.8268	1.8315	1.8354	1.8377	1.8425
"Puerto Rico"	630	1.587	1.5638	1.5714	1.5887	1.608	1.6296	1.6508	1.6706	1.6901	1.7078	1.723	1.7378	1.7516	1.7621	1.7729	1.783	1.7914
"Saint Lucia"	662	1.8218	1.7415	1.6906	1.6579	1.6456	1.6468	1.6565	1.6688	1.6837	1.6982	1.7155	1.7282	1.7418	1.755	1.7666	1.776	1.7858
"St. Vincent and the Grenadines"	670	1.9017	1.8123	1.7489	1.7116	1.6928	1.6902	1.6924	1.7	1.7099	1.7225	1.7353	1.7486	1.7594	1.7702	1.7806	1.7888	1.7963
"Trinidad and Tobago"	780	1.7296	1.69	1.6771	1.677	1.6834	1.692	1.7046	1.7181	1.7308	1.7435	1.7542	1.7661	1.7745	1.7831	1.7927	1.8	1.8059
"United States Virgin Islands"	850	2.1837	2.0851	2.0082	1.952	1.9106	1.8809	1.8606	1.8477	1.8403	1.835	1.8329	1.8328	1.8331	1.8341	1.8376	1.8386	1.8412
"Central America"	916	2.213997951	2.08464075	1.980233166	1.901848354	1.845674699	1.808006916	1.787089357	1.776613625	1.772467402	1.771951264	1.774450939	1.778508943	1.783098629	1.78715941	1.792022323	1.796325486	1.800273795
"Belize"	84	2.4617	2.3137	2.1942	2.0952	2.0121	1.9451	1.8911	1.8489	1.8179	1.7978	1.7842	1.7783	1.7744	1.7744	1.7775	1.7808	1.7838
"Costa Rica"	188	1.7645	1.7022	1.6718	1.6637	1.6663	1.6764	1.6879	1.7021	1.7151	1.7277	1.7408	1.7525	1.7649	1.7747	1.7838	1.7914	1.799
"El Salvador"	222	1.8732	1.7908	1.7294	1.6907	1.6682	1.6589	1.6612	1.6668	1.6764	1.6892	1.7023	1.7163	1.7306	1.7424	1.7546	1.765	1.7742
"Guatemala"	320	3.0332	2.8176	2.6406	2.4978	2.3797	2.2789	2.1932	2.1171	2.052	2.0017	1.9561	1.9205	1.8944	1.8699	1.8547	1.8433	1.8334
"Honduras"	340	2.2513	2.1003	1.9877	1.8997	1.8362	1.7904	1.7596	1.7393	1.7283	1.7276	1.7299	1.7342	1.7424	1.7506	1.7596	1.769	1.7769
"Mexico"	484	2.1386	2.0067	1.8988	1.8191	1.7639	1.7299	1.7157	1.7138	1.7186	1.7255	1.7368	1.7486	1.7591	1.7691	1.7782	1.7859	1.793
"Nicaragua"	558	2.1607	2.0309	1.929	1.8526	1.7961	1.7586	1.7351	1.7262	1.7248	1.7292	1.7339	1.7433	1.7516	1.76	1.7693	1.7771	1.7854
"Panama"	591	2.3574	2.2507	2.1606	2.0831	2.0191	1.9658	1.9239	1.8928	1.8712	1.8552	1.842	1.8333	1.8295	1.8259	1.8241	1.8247	1.8257
"South America"	931	1.95963263	1.891173389	1.84245587	1.809706807	1.788798062	1.77706404	1.77108126	1.767231473	1.766884767	1.767859585	1.771318962	1.775587137	1.780723023	1.785499326	1.791748858	1.797074401	1.802864672
"Argentina"	32	2.2687	2.1962	2.1306	2.0715	2.0213	1.9773	1.9434	1.915	1.8941	1.877	1.8643	1.8546	1.8481	1.8433	1.8411	1.8411	1.8401
"Bolivia (Plurinational State of)"	68	2.8306	2.6558	2.5122	2.3931	2.2917	2.2033	2.127	2.0592	2.0047	1.9554	1.919	1.8913	1.8672	1.8494	1.8376	1.8288	1.8236
"Brazil"	76	1.7439	1.691	1.6621	1.6523	1.6516	1.6586	1.6698	1.6822	1.697	1.7105	1.7252	1.7378	1.751	1.7622	1.7737	1.783	1.7919
"Chile"	152	1.7273	1.7031	1.6993	1.7008	1.7077	1.7153	1.7261	1.7389	1.7493	1.7601	1.7699	1.78	1.7887	1.7958	1.8035	1.81	1.8154
"Colombia"	170	1.8291	1.7429	1.6904	1.6654	1.6585	1.6631	1.6715	1.6852	1.6996	1.714	1.7267	1.7406	1.7538	1.7646	1.7752	1.7835	1.7926
"Ecuador"	218	2.4435	2.318	2.2115	2.1174	2.0387	1.9718	1.9196	1.8777	1.8471	1.8243	1.8107	1.8005	1.797	1.7941	1.7938	1.7955	1.7985
"French Guiana"	254	3.2836	3.1147	2.9684	2.8431	2.7366	2.642	2.5573	2.4788	2.4061	2.3388	2.2762	2.2195	2.166	2.1224	2.0841	2.0488	2.0209
"Guyana"	328	2.4741	2.3656	2.2718	2.1891	2.1157	2.0527	2.0004	1.9551	1.9205	1.8929	1.8711	1.8556	1.8436	1.8353	1.8311	1.8269	1.8263
"Paraguay"	600	2.4457	2.3215	2.2163	2.128	2.0503	1.9867	1.9366	1.8937	1.8595	1.8363	1.8176	1.8066	1.7976	1.7926	1.7925	1.7922	1.7939
"Peru"	604	2.3506	2.2251	2.1155	2.0245	1.95	1.8877	1.8439	1.8104	1.7887	1.7751	1.7698	1.7691	1.7708	1.7737	1.779	1.7848	1.7919
"Suriname"	740	2.2771	2.171	2.0788	2.0034	1.9404	1.8938	1.8607	1.8353	1.8175	1.8075	1.8014	1.7994	1.8018	1.8018	1.8052	1.8086	1.8137
"Uruguay"	858	1.9804	1.9363	1.9015	1.8727	1.8519	1.8382	1.8263	1.8214	1.8182	1.8164	1.8167	1.8176	1.8202	1.8213	1.8247	1.8271	1.8303
"Venezuela (Bolivarian Republic of)"	862	2.2816	2.1718	2.0792	2.0009	1.9364	1.8866	1.8521	1.8262	1.8078	1.7964	1.7893	1.7889	1.7897	1.7907	1.795	1.7968	1.8022
"Northern America"	905	1.864459321	1.868873708	1.877011475	1.882045534	1.88702663	1.891414849	1.896464523	1.90072414	1.904711337	1.907230956	1.909802507	1.911702443	1.913443902	1.914842237	1.91606576	1.916982645	1.917042173
"Canada"	124	1.5633	1.555	1.5765	1.597	1.6211	1.6437	1.6651	1.6861	1.7043	1.7209	1.7366	1.751	1.7628	1.7744	1.7845	1.793	1.7994
"United States of America"	840	1.8971	1.9029	1.9079	1.9109	1.9151	1.9183	1.921	1.9227	1.9249	1.926	1.9275	1.9284	1.9291	1.9292	1.9293	1.9294	1.9289
"Oceania"	909	2.347877595	2.293897025	2.236680681	2.177905998	2.128314583	2.090961751	2.062157805	2.036946534	2.011101585	1.984990345	1.960670351	1.939548096	1.922758251	1.907478546	1.894717718	1.883205173	1.873654893
"Australia/New Zealand"	927	1.882112424	1.845747568	1.821213603	1.803758306	1.791594122	1.786901951	1.785640871	1.787127108	1.78828285	1.791740429	1.794969065	1.79897618	1.804241943	1.808215787	1.813446703	1.817499429	1.821128845
"Australia"	36	1.8605	1.8265	1.8059	1.7923	1.7833	1.7805	1.7801	1.7825	1.7849	1.7896	1.7934	1.7979	1.8032	1.8071	1.8127	1.817	1.8208
"New Zealand"	554	1.9863	1.938	1.8997	1.8694	1.8463	1.8314	1.82	1.8139	1.8084	1.8061	1.8072	1.8086	1.8122	1.8159	1.8184	1.8211	1.824
"Melanesia"	928	3.442108911	3.246064353	3.074943939	2.924272778	2.793321524	2.675292683	2.573933642	2.482705422	2.401581421	2.323044841	2.25187814	2.186386479	2.129027176	2.077667986	2.033109972	1.996020701	1.965724186
"Fiji"	242	2.4804	2.368	2.2687	2.1777	2.1003	2.0356	1.9799	1.939	1.9059	1.8799	1.8605	1.8484	1.8393	1.833	1.8301	1.8278	1.8283
"New Caledonia"	540	2.0409	1.9667	1.911	1.871	1.8435	1.8226	1.811	1.804	1.803	1.8045	1.8059	1.8083	1.813	1.8159	1.819	1.8241	1.8275
"Papua New Guinea"	598	3.5841	3.3641	3.1726	3.0063	2.8644	2.7369	2.6268	2.5277	2.4408	2.3565	2.2807	2.2106	2.1496	2.0954	2.0482	2.009	1.9768
"Solomon Islands"	90	3.763	3.5098	3.2927	3.1069	2.9457	2.8025	2.6793	2.5669	2.4639	2.3708	2.282	2.2044	2.1336	2.0697	2.0175	1.9745	1.9408
"Vanuatu"	548	3.2179	3.0454	2.8988	2.7663	2.6524	2.5486	2.4543	2.3703	2.2892	2.2165	2.149	2.0898	2.0396	1.9944	1.9578	1.9266	1.9028
"Micronesia"	954	2.73169659	2.595205087	2.47074205	2.3939595	2.348616154	2.309365647	2.249574926	2.183839191	2.129140262	2.085603773	2.052375993	2.025799512	1.999610162	1.972008156	1.947479565	1.925855632	1.909349422
"Guam"	316	2.3174	2.2244	2.1428	2.0739	2.0144	1.9658	1.9289	1.8995	1.8792	1.8616	1.8491	1.8418	1.8353	1.8317	1.8293	1.8291	1.83
"Kiribati"	296	3.5784	3.3917	3.2305	3.0866	2.9584	2.8441	2.7403	2.6464	2.5594	2.4787	2.4014	2.3282	2.2607	2.1966	2.142	2.0916	2.0511
"Micronesia (Fed. States of)"	583	3.0766	2.872	2.702	2.5582	2.4367	2.3314	2.237	2.1525	2.0815	2.021	1.9673	1.926	1.8937	1.8696	1.8494	1.8359	1.8259
"Polynesia"	957	2.779015789	2.651935167	2.572745303	2.524423432	2.464127897	2.384757751	2.306751551	2.245636013	2.201811205	2.166091957	2.131226033	2.090714494	2.047060639	2.007993943	1.975008023	1.949658464	1.9305557
"French Polynesia"	258	1.9888	1.9177	1.8621	1.8227	1.7926	1.7713	1.7567	1.7513	1.749	1.7508	1.7556	1.7611	1.7666	1.7726	1.7792	1.7844	1.7911
"Samoa"	882	3.9008	3.6677	3.4643	3.2863	3.125	2.9874	2.8626	2.7481	2.6399	2.544	2.4547	2.3685	2.2871	2.2157	2.1477	2.0903	2.0438
"Tonga"	776	3.5766	3.389	3.2228	3.0758	2.9446	2.8265	2.7191	2.6203	2.533	2.4437	2.3621	2.2898	2.2218	2.1601	2.1037	2.0553	2.0144
