"name"	"country_code"	"2015-2020"	"2020-2025"	"2025-2030"	"2030-2035"	"2035-2040"	"2040-2045"	"2045-2050"	"2050-2055"	"2055-2060"	"2060-2065"	"2065-2070"	"2070-2075"	"2075-2080"	"2080-2085"	"2085-2090"	"2090-2095"	"2095-2100"
"Afghanistan"	4	4.7843	4.3349	3.9688	3.6756	3.4261	3.2249	3.0571	2.9145	2.7886	2.6801	2.5831	2.5017	2.4276	2.3728	2.3342	2.3073	2.2891
"Albania"	8	1.9673	2.024	2.0615	2.091	2.1158	2.1338	2.1514	2.1689	2.183	2.1918	2.2043	2.2146	2.222	2.2276	2.239	2.2429	2.2475
"Algeria"	12	2.9871	2.9039	2.8296	2.7703	2.7166	2.6703	2.6251	2.5869	2.5516	2.5222	2.4998	2.4846	2.466	2.4545	2.4458	2.4394	2.4337
"Angola"	24	6.207	6.0192	5.8129	5.5979	5.3924	5.1796	4.9801	4.8011	4.6362	4.4767	4.3195	4.1906	4.0738	3.9677	3.8631	3.7627	3.6762
"Antigua and Barbuda"	28	2.3696	2.4022	2.4046	2.4048	2.3949	2.3911	2.3783	2.372	2.3616	2.3517	2.3448	2.3383	2.3345	2.3278	2.3248	2.3231	2.3199
"Argentina"	32	2.6196	2.6786	2.7012	2.7124	2.7084	2.692	2.6787	2.6519	2.6336	2.6083	2.588	2.5667	2.5407	2.5151	2.4944	2.4765	2.4505
"Armenia"	51	1.8139	1.8731	1.9186	1.9576	1.9888	2.0169	2.0407	2.0664	2.0865	2.1045	2.1195	2.1338	2.1467	2.1576	2.1702	2.1775	2.1891
"Aruba"	533	1.942	1.9822	2.014	2.0415	2.0643	2.0853	2.1044	2.1217	2.1378	2.152	2.1618	2.1699	2.1812	2.1893	2.201	2.2078	2.2177
"Australia"	36	2.195	2.2246	2.2367	2.2449	2.2467	2.2532	2.2539	2.2512	2.2501	2.2513	2.2534	2.2567	2.2589	2.2573	2.2623	2.2649	2.2664
"Austria"	40	1.7091	1.8262	1.9076	1.97	2.0187	2.0578	2.0931	2.1228	2.1459	2.1658	2.1835	2.2002	2.2135	2.2246	2.2348	2.247	2.2535
"Azerbaijan"	31	2.4703	2.4806	2.4737	2.4678	2.4612	2.452	2.4456	2.4363	2.4292	2.42	2.4177	2.4126	2.407	2.4028	2.3992	2.3979	2.392
"Bahamas"	44	2.1551	2.1916	2.2072	2.2188	2.2263	2.2312	2.2307	2.2295	2.2336	2.2347	2.236	2.241	2.2432	2.246	2.2483	2.2534	2.2577
"Bahrain"	48	2.3227	2.3286	2.3104	2.2893	2.2677	2.2472	2.2341	2.2214	2.2137	2.2081	2.2109	2.2111	2.2108	2.2162	2.2203	2.2259	2.2272
"Bangladesh"	50	2.4316	2.4161	2.3819	2.3423	2.3084	2.275	2.2502	2.2362	2.2248	2.2195	2.2213	2.2183	2.2223	2.2236	2.2274	2.2323	2.2335
"Barbados"	52	1.9718	2.0402	2.0859	2.1224	2.1518	2.1769	2.1968	2.2149	2.2295	2.2452	2.2538	2.266	2.2742	2.2822	2.2887	2.2928	2.302
"Belarus"	112	1.8257	1.9364	2.0129	2.0649	2.1119	2.1459	2.1766	2.1996	2.2194	2.24	2.2541	2.2651	2.2746	2.2835	2.2925	2.3001	2.3038
"Belgium"	56	2.0054	2.0767	2.1243	2.1591	2.1889	2.2112	2.2316	2.2486	2.2646	2.2748	2.2849	2.2912	2.3002	2.3105	2.313	2.3168	2.3267
"Belize"	84	2.8436	2.8325	2.789	2.7455	2.6958	2.6488	2.5989	2.5636	2.5169	2.4725	2.4321	2.4022	2.3716	2.3522	2.336	2.3191	2.3097
"Benin"	204	4.9636	4.8193	4.6477	4.4878	4.3378	4.2001	4.0688	3.9465	3.8366	3.7376	3.6456	3.5607	3.4743	3.3972	3.3329	3.2656	3.2054
"Bhutan"	64	2.2839	2.2653	2.2317	2.207	2.1848	2.1696	2.1685	2.1645	2.1687	2.169	2.1775	2.1826	2.1873	2.1911	2.2017	2.2048	2.209
"Bolivia (Plurinational State of)"	68	3.2481	3.23	3.182	3.1337	3.0849	3.0339	2.9833	2.9326	2.8899	2.8486	2.8024	2.7588	2.7212	2.6864	2.6474	2.6076	2.5679
"Bosnia and Herzegovina"	70	1.5218	1.621	1.7061	1.7745	1.8344	1.8839	1.9242	1.9581	1.9895	2.0168	2.0426	2.0666	2.0877	2.1056	2.1177	2.1347	2.1454
"Botswana"	72	3.0667	3.0129	2.9346	2.8612	2.8014	2.7343	2.6795	2.6166	2.5732	2.5141	2.4783	2.4413	2.4117	2.378	2.3592	2.3449	2.3287
"Brazil"	76	2.0739	2.1015	2.1123	2.1246	2.1284	2.1365	2.1427	2.1492	2.1612	2.168	2.1733	2.1835	2.1929	2.2024	2.2069	2.2097	2.2162
"Brunei Darussalam"	96	2.1517	2.1702	2.1735	2.1726	2.1769	2.1791	2.1786	2.1805	2.1852	2.1897	2.1939	2.1972	2.2024	2.2087	2.2171	2.2229	2.2257
"Bulgaria"	100	1.7781	1.8914	1.9752	2.0375	2.085	2.1247	2.1535	2.1781	2.1999	2.2182	2.2357	2.2463	2.2577	2.2672	2.275	2.2824	2.2898
"Burkina Faso"	854	5.6803	5.5091	5.3104	5.115	4.9422	4.759	4.5976	4.4403	4.3039	4.172	4.0509	3.9375	3.8402	3.7396	3.6537	3.5748	3.4842
"Burundi"	108	6.0829	5.897	5.6932	5.4988	5.3052	5.1147	4.9381	4.7731	4.62	4.48	4.3632	4.2394	4.1281	4.0215	3.9233	3.8291	3.7519
"Cabo Verde"	132	2.5532	2.5322	2.4888	2.4425	2.4017	2.3638	2.3301	2.3053	2.2889	2.2736	2.2659	2.2601	2.2546	2.2534	2.2532	2.2517	2.2548
"Cambodia"	116	2.9199	2.9266	2.8998	2.8637	2.8322	2.7872	2.747	2.7154	2.6732	2.6387	2.6031	2.5601	2.5264	2.4867	2.4657	2.4374	2.4138
"Cameroon"	120	4.9168	4.7792	4.6227	4.4728	4.3212	4.182	4.068	3.9474	3.8424	3.7399	3.6518	3.5753	3.4947	3.4188	3.3526	3.2876	3.2297
"Canada"	124	1.8763	1.9258	1.9628	2.0005	2.0281	2.0509	2.0742	2.0943	2.1096	2.1265	2.1419	2.1534	2.1668	2.1779	2.1882	2.1968	2.2074
"Central African Republic"	140	4.4934	4.3586	4.1905	4.0372	3.8836	3.7483	3.62	3.5133	3.4189	3.3275	3.2501	3.1811	3.1144	3.0594	2.9989	2.9485	2.8977
"Chad"	148	6.2352	5.9781	5.7262	5.4854	5.2476	5.019	4.8227	4.625	4.4505	4.2891	4.1502	4.0118	3.891	3.7819	3.6724	3.578	3.497
"Channel Islands"	830	1.6634	1.7553	1.8234	1.8823	1.9255	1.9656	2.002	2.0287	2.0576	2.0805	2.1021	2.1239	2.1437	2.1555	2.1726	2.1884	2.2007
"Chile"	152	2.047	2.0784	2.1002	2.1179	2.1297	2.1405	2.1521	2.1651	2.1737	2.1801	2.1901	2.2003	2.2085	2.2155	2.2219	2.2319	2.2378
"China"	156	1.7672	1.8647	1.931	1.9869	2.0299	2.0669	2.0954	2.1249	2.1438	2.1612	2.1783	2.1919	2.2047	2.2149	2.2251	2.2359	2.241
"China, Hong Kong SAR"	344	1.4804	1.6271	1.7369	1.8263	1.8945	1.9485	1.9948	2.036	2.0718	2.1023	2.1243	2.1437	2.1628	2.1831	2.1972	2.2121	2.2234
"China, Macao SAR"	446	1.533	1.713	1.8377	1.931	1.9985	2.0524	2.0984	2.1326	2.1635	2.1866	2.2047	2.2218	2.2387	2.2524	2.2661	2.2762	2.2807
"Colombia"	170	2.163	2.1774	2.1812	2.1761	2.1736	2.1779	2.1835	2.1825	2.1889	2.1904	2.1956	2.1978	2.2068	2.2131	2.2192	2.2228	2.2272
"Comoros"	174	4.6946	4.5565	4.4012	4.2535	4.1136	3.9898	3.8749	3.7607	3.6649	3.5654	3.4814	3.4114	3.3298	3.2705	3.1991	3.1444	3.0824
"Congo"	178	5.0899	4.9854	4.8534	4.7079	4.571	4.4417	4.317	4.2036	4.092	3.9915	3.8907	3.8097	3.7296	3.6548	3.5825	3.5207	3.4563
"Costa Rica"	188	2.0926	2.1168	2.1297	2.1378	2.1427	2.1499	2.1573	2.1647	2.1702	2.1765	2.1866	2.1958	2.2031	2.2125	2.2171	2.2253	2.2274
"Cote d'Ivoire"	384	5.2135	5.0953	4.9503	4.8058	4.6695	4.5419	4.4127	4.3134	4.2044	4.1016	4.011	3.9243	3.8354	3.7502	3.6857	3.6042	3.5337
"Croatia"	191	1.7826	1.8438	1.895	1.9387	1.9754	2.0058	2.0342	2.057	2.0749	2.0941	2.1088	2.1268	2.1447	2.1541	2.1703	2.178	2.1881
"Cuba"	192	1.8936	1.9445	1.9794	2.0113	2.036	2.0592	2.0791	2.0994	2.1157	2.1316	2.1401	2.1547	2.1643	2.1779	2.1849	2.1954	2.2046
"Curacao"	531	2.2746	2.3035	2.3155	2.319	2.3247	2.3257	2.3269	2.3286	2.3313	2.3339	2.3324	2.3379	2.3369	2.3397	2.3427	2.348	2.3519
"Cyprus"	196	1.7263	1.7944	1.8507	1.8986	1.9381	1.9704	2.0014	2.0293	2.0543	2.0742	2.0961	2.1102	2.1286	2.143	2.1565	2.1709	2.1786
"Czech Republic"	203	1.7166	1.8421	1.9293	1.9944	2.046	2.0885	2.1205	2.1489	2.1744	2.1922	2.2092	2.2238	2.2373	2.2485	2.2567	2.2619	2.2681
"Dem. People's Republic of Korea"	408	2.2685	2.2936	2.3034	2.301	2.298	2.2926	2.2854	2.2893	2.287	2.2889	2.2828	2.2861	2.2877	2.2831	2.2895	2.2919	2.2883
"Democratic Republic of the Congo"	180	6.1001	5.8774	5.6419	5.4029	5.1807	4.9669	4.7651	4.5802	4.4188	4.258	4.1204	3.9845	3.8649	3.753	3.66	3.5717	3.4913
"Denmark"	208	1.934	2.0089	2.0623	2.1016	2.1346	2.1586	2.1811	2.1961	2.2119	2.2228	2.2325	2.2427	2.253	2.2572	2.2622	2.2696	2.2707
"Djibouti"	262	3.4335	3.3506	3.2673	3.1765	3.0944	3.0173	2.946	2.8791	2.8305	2.7763	2.7224	2.6743	2.6239	2.5779	2.539	2.4935	2.4583
"Dominican Republic"	214	2.7396	2.7353	2.7093	2.6615	2.6095	2.5651	2.5209	2.4711	2.4248	2.39	2.3554	2.3305	2.3173	2.3052	2.2976	2.2872	2.2837
"Ecuador"	218	2.8135	2.8198	2.7966	2.7671	2.7261	2.68	2.6297	2.5912	2.5531	2.5153	2.4802	2.4433	2.4242	2.397	2.3688	2.3522	2.3364
"Egypt"	818	3.5832	3.5458	3.4778	3.4114	3.3484	3.2781	3.2244	3.1671	3.1034	3.0539	3.0017	2.9637	2.9279	2.8819	2.839	2.793	2.7568
"El Salvador"	222	2.211	2.2238	2.2202	2.2111	2.1995	2.1913	2.1871	2.188	2.1869	2.1902	2.1936	2.1987	2.1967	2.2024	2.2099	2.2141	2.2173
"Equatorial Guinea"	226	4.9989	4.8107	4.599	4.3922	4.1968	4.0121	3.8554	3.7129	3.5829	3.4656	3.3688	3.2775	3.1934	3.1251	3.0521	2.9909	2.9374
"Eritrea"	232	4.4911	4.3547	4.213	4.0667	3.9176	3.8	3.6814	3.5762	3.4782	3.3974	3.3105	3.2455	3.1783	3.114	3.0529	3.0047	2.947
"Estonia"	233	1.8359	1.9396	2.0104	2.0633	2.1065	2.136	2.1646	2.1852	2.2061	2.2175	2.2288	2.243	2.2547	2.2631	2.2713	2.2788	2.2828
"Ethiopia"	231	4.5077	4.2503	4.0098	3.7878	3.6083	3.4471	3.308	3.1876	3.0856	2.991	2.9074	2.8342	2.755	2.6861	2.6222	2.5674	2.5134
"Fiji"	242	2.8483	2.8703	2.8581	2.8364	2.801	2.7681	2.7281	2.6995	2.6634	2.622	2.5786	2.5382	2.504	2.4726	2.4498	2.421	2.4037
"Finland"	246	1.9363	2.0052	2.0512	2.0879	2.1181	2.1436	2.1602	2.1768	2.1942	2.204	2.216	2.2285	2.2361	2.2469	2.2527	2.2598	2.2622
"France"	250	2.162	2.2178	2.2552	2.2832	2.3027	2.3202	2.3381	2.3527	2.3616	2.3724	2.3797	2.3864	2.39	2.394	2.4009	2.4048	2.4077
"French Guiana"	254	3.7049	3.6808	3.6192	3.5463	3.4791	3.4146	3.359	3.3001	3.2556	3.2089	3.1607	3.1243	3.0873	3.0543	3.0151	2.9749	2.9434
"French Polynesia"	258	2.3304	2.3555	2.3558	2.3477	2.3365	2.3208	2.3033	2.2872	2.2807	2.2679	2.2639	2.2571	2.2591	2.2522	2.2517	2.2488	2.2532
"Gabon"	266	4.1321	4.0226	3.8934	3.7785	3.6508	3.547	3.4451	3.3609	3.2786	3.2138	3.1545	3.0889	3.0409	2.9983	2.9501	2.8945	2.854
"Gambia"	270	5.9569	5.9465	5.8914	5.8149	5.7104	5.5794	5.4109	5.2096	4.994	4.7446	4.472	4.2398	4.0407	3.8634	3.6989	3.5626	3.4408
"Georgia"	268	1.9952	2.0611	2.1101	2.1454	2.1721	2.1946	2.2159	2.2342	2.247	2.2603	2.2735	2.2833	2.2885	2.2979	2.304	2.3063	2.313
"Germany"	276	1.6121	1.7193	1.8015	1.8667	1.9196	1.9625	1.9989	2.0275	2.0597	2.0807	2.1042	2.1263	2.1422	2.1541	2.1712	2.1831	2.1922
"Ghana"	288	4.4081	4.3191	4.2069	4.1007	3.9882	3.8815	3.7902	3.6943	3.6133	3.5343	3.4647	3.3956	3.3252	3.2686	3.2163	3.1704	3.1185
"Greece"	300	1.5989	1.6863	1.7618	1.8215	1.874	1.9175	1.9563	1.989	2.0144	2.0402	2.0643	2.0854	2.1039	2.1215	2.136	2.1482	2.1585
"Grenada"	308	2.4217	2.4346	2.425	2.406	2.3798	2.3566	2.3353	2.3185	2.3052	2.293	2.2814	2.2726	2.2686	2.2688	2.2681	2.2676	2.2685
"Guadeloupe"	312	2.3274	2.3389	2.3448	2.3478	2.3469	2.3454	2.3507	2.349	2.3528	2.3519	2.3502	2.3519	2.3578	2.3574	2.3584	2.3571	2.3599
"Guam"	316	2.6741	2.7119	2.7079	2.6866	2.6624	2.633	2.6044	2.572	2.5358	2.5074	2.4783	2.4508	2.425	2.4062	2.3808	2.3696	2.3597
"Guatemala"	320	3.4767	3.4285	3.3639	3.3022	3.2346	3.1611	3.1131	3.0534	2.9948	2.9535	2.9077	2.8658	2.8184	2.7849	2.7474	2.7061	2.6652
"Guinea"	324	5.1928	5.0317	4.8482	4.665	4.4834	4.333	4.1833	4.0509	3.9217	3.8057	3.6955	3.6065	3.5156	3.4314	3.3576	3.2964	3.2288
"Guinea-Bissau"	624	5.0184	4.8624	4.6847	4.5084	4.3514	4.2008	4.069	3.9452	3.8256	3.717	3.6197	3.5324	3.4556	3.3835	3.3096	3.2516	3.1914
"Guyana"	328	2.8474	2.8674	2.8532	2.8364	2.8107	2.7784	2.742	2.7135	2.6838	2.6414	2.6156	2.5789	2.5451	2.5092	2.4767	2.4498	2.4313
"Haiti"	332	3.2723	3.1994	3.1139	3.0304	2.9568	2.889	2.8295	2.7782	2.7155	2.655	2.6047	2.5603	2.5197	2.4778	2.4448	2.4132	2.3878
"Honduras"	340	2.6474	2.6195	2.5727	2.5274	2.4773	2.4298	2.3983	2.3561	2.3301	2.3065	2.2881	2.2748	2.2653	2.2567	2.2513	2.2492	2.2487
"Hungary"	348	1.5872	1.7129	1.8086	1.8797	1.938	1.9804	2.0222	2.0545	2.0824	2.1051	2.1273	2.1455	2.1612	2.1748	2.186	2.1989	2.2108
"Iceland"	352	2.2317	2.2673	2.2774	2.2807	2.2857	2.2793	2.2737	2.2739	2.2702	2.2736	2.2684	2.2647	2.2719	2.2742	2.2729	2.2753	2.2749
"India"	356	2.7114	2.7341	2.725	2.7016	2.6713	2.6424	2.6045	2.5703	2.5346	2.4987	2.4709	2.4418	2.4196	2.3954	2.3733	2.3557	2.3382
"Indonesia"	360	2.7244	2.7203	2.6947	2.6535	2.6058	2.5709	2.5319	2.4919	2.4597	2.4325	2.407	2.3851	2.3668	2.3581	2.3487	2.3391	2.3296
"Iran (Islamic Republic of)"	364	1.9511	1.9908	2.0115	2.037	2.0547	2.0739	2.0844	2.1058	2.1172	2.1294	2.1399	2.1541	2.1638	2.1719	2.1817	2.1917	2.2032
"Iraq"	368	4.8029	4.7168	4.6034	4.4948	4.3801	4.2693	4.1798	4.0893	3.9785	3.8914	3.8178	3.7526	3.6688	3.6071	3.535	3.4792	3.4159
"Ireland"	372	2.1703	2.2199	2.2534	2.2793	2.2981	2.3134	2.3249	2.3389	2.3473	2.3545	2.3643	2.37	2.376	2.3793	2.3829	2.3905	2.3928
"Israel"	376	3.3166	3.3544	3.3546	3.3437	3.3213	3.2896	3.2671	3.2336	3.199	3.1613	3.129	3.0998	3.0679	3.0373	3.0068	2.9695	2.9363
"Italy"	380	1.6683	1.7868	1.8709	1.9375	1.9867	2.0311	2.0642	2.0954	2.1213	2.1439	2.162	2.182	2.1941	2.2085	2.2195	2.2297	2.2357
"Jamaica"	388	2.3298	2.3425	2.3387	2.3247	2.3154	2.3014	2.2866	2.2819	2.2733	2.2734	2.2704	2.2709	2.2694	2.2727	2.2707	2.2731	2.2743
"Japan"	392	1.649	1.7702	1.8614	1.9285	1.9829	2.0221	2.0601	2.0907	2.1182	2.1408	2.1633	2.18	2.1944	2.2058	2.2166	2.2286	2.2364
"Jordan"	400	3.625	3.5123	3.3872	3.2771	3.1692	3.0729	2.9923	2.9096	2.8382	2.7675	2.7082	2.6468	2.591	2.537	2.49	2.4537	2.4184
"Kazakhstan"	398	2.8289	2.8423	2.8355	2.8223	2.8024	2.7858	2.7656	2.7557	2.7326	2.7172	2.699	2.6819	2.6655	2.6564	2.6401	2.6296	2.6123
"Kenya"	404	4.5596	4.4339	4.2978	4.1619	4.0254	3.9147	3.7992	3.6904	3.602	3.5084	3.4188	3.3468	3.2748	3.1939	3.1374	3.0771	3.0149
"Kiribati"	296	4.0169	3.9873	3.9281	3.8625	3.7854	3.7187	3.6545	3.595	3.5358	3.4798	3.4315	3.3725	3.3227	3.2704	3.2244	3.1812	3.1442
"Kuwait"	414	2.3841	2.3796	2.3636	2.3542	2.3462	2.3392	2.3339	2.3365	2.3362	2.334	2.3362	2.3385	2.3408	2.3379	2.3378	2.3423	2.342
"Kyrgyzstan"	417	3.3293	3.3077	3.2541	3.202	3.1454	3.0935	3.0501	3.0073	2.9671	2.9323	2.89	2.8573	2.8114	2.78	2.7404	2.7	2.6705
"Lao People's Democratic Republic"	418	3.1841	3.0652	2.9427	2.8389	2.7513	2.6674	2.5961	2.526	2.4704	2.413	2.3773	2.348	2.3215	2.303	2.2918	2.2829	2.2764
"Latvia"	428	1.7304	1.848	1.9274	1.9881	2.0377	2.0775	2.1128	2.144	2.1658	2.1838	2.1986	2.215	2.2288	2.2367	2.247	2.2548	2.2654
"Lebanon"	422	1.9088	1.9707	2.0128	2.0459	2.0752	2.0956	2.1146	2.134	2.148	2.16	2.1731	2.1822	2.1945	2.1999	2.2093	2.215	2.2194
"Lesotho"	426	3.4332	3.3848	3.311	3.2399	3.1703	3.1087	3.0506	3.0065	2.9445	2.9007	2.8519	2.8148	2.7709	2.7291	2.6956	2.6518	2.6188
"Liberia"	430	4.938	4.805	4.652	4.5007	4.3631	4.226	4.0933	3.9834	3.8783	3.7791	3.6855	3.5979	3.5183	3.4454	3.3709	3.3127	3.2628
"Libya"	434	2.683	2.6246	2.5506	2.4824	2.4179	2.3707	2.3387	2.3154	2.2987	2.2899	2.2772	2.272	2.2695	2.2736	2.2741	2.2727	2.2761
"Lithuania"	440	1.816	1.9257	2.0019	2.0592	2.104	2.1416	2.1726	2.194	2.2135	2.2337	2.2448	2.2575	2.2731	2.2809	2.2876	2.2965	2.299
"Luxembourg"	442	1.7848	1.8758	1.944	1.9933	2.032	2.0642	2.0934	2.1152	2.1348	2.1504	2.1678	2.184	2.1957	2.2045	2.2192	2.231	2.2356
"Madagascar"	450	4.6621	4.5792	4.4718	4.3527	4.2436	4.1388	4.0368	3.9389	3.8497	3.76	3.6842	3.6168	3.5444	3.4709	3.4098	3.3533	3.3091
"Malawi"	454	5.3318	5.1812	5.0083	4.8487	4.6941	4.5472	4.4129	4.2921	4.1698	4.0705	3.9645	3.872	3.773	3.6953	3.6074	3.5392	3.4686
"Malaysia"	458	2.2278	2.2552	2.2587	2.257	2.2509	2.2492	2.2466	2.243	2.2413	2.2368	2.2355	2.239	2.241	2.2389	2.2416	2.2471	2.2491
"Maldives"	462	2.3405	2.3119	2.2766	2.2559	2.2414	2.2318	2.2272	2.2254	2.2247	2.2269	2.2258	2.2307	2.231	2.2363	2.2403	2.2448	2.2502
"Mali"	466	6.3464	6.1614	5.9472	5.7185	5.4897	5.27	5.0645	4.8635	4.6758	4.5084	4.343	4.1949	4.0551	3.9329	3.8195	3.7211	3.6243
"Malta"	470	1.6644	1.7695	1.8463	1.9068	1.9578	1.9967	2.029	2.0604	2.0807	2.1009	2.1219	2.1414	2.1542	2.1685	2.1802	2.1897	2.1975
"Martinique"	474	2.2106	2.222	2.2242	2.2208	2.2262	2.2292	2.2327	2.2364	2.2485	2.2511	2.2557	2.2603	2.2651	2.2706	2.279	2.2804	2.2835
"Mauritania"	478	4.8483	4.7523	4.6288	4.5098	4.3925	4.2764	4.1675	4.0643	3.9732	3.8732	3.7942	3.7208	3.6477	3.5769	3.5175	3.4531	3.3954
"Mauritius"	480	1.7468	1.8109	1.8692	1.9157	1.9517	1.9857	2.017	2.0442	2.0626	2.0837	2.1016	2.1161	2.1314	2.1468	2.1562	2.1712	2.1807
"Mayotte"	175	4.1839	4.0284	3.8654	3.7113	3.5717	3.45	3.3287	3.2272	3.1308	3.0473	2.9666	2.8899	2.8258	2.7532	2.6879	2.6215	2.572
"Mexico"	484	2.492	2.4793	2.4427	2.4019	2.3611	2.3276	2.3019	2.2803	2.2675	2.2629	2.2558	2.25	2.2522	2.2544	2.259	2.2551	2.2585
"Micronesia (Fed. States of)"	583	3.5043	3.4576	3.3821	3.3108	3.243	3.1652	3.1028	3.0424	2.9913	2.9364	2.8879	2.844	2.7888	2.7394	2.6966	2.6536	2.6147
"Mongolia"	496	2.7593	2.7548	2.75	2.7447	2.7367	2.7281	2.7209	2.7151	2.7025	2.6973	2.6869	2.6837	2.6712	2.6674	2.6603	2.6463	2.6404
"Montenegro"	499	1.9729	2.0139	2.0393	2.0617	2.0829	2.0994	2.116	2.1303	2.1424	2.1532	2.1644	2.1763	2.1832	2.194	2.2021	2.2094	2.2208
"Morocco"	504	2.7551	2.7286	2.6796	2.6325	2.5781	2.5324	2.4898	2.453	2.4191	2.389	2.3691	2.3513	2.3347	2.3206	2.3168	2.3101	2.3059
"Mozambique"	508	5.5565	5.4284	5.279	5.1144	4.9355	4.7645	4.6037	4.454	4.3179	4.1886	4.0659	3.9632	3.8534	3.7576	3.672	3.5882	3.5155
"Myanmar"	104	2.4875	2.4998	2.4845	2.4546	2.4269	2.3975	2.3696	2.3463	2.3239	2.3113	2.2956	2.284	2.2774	2.2783	2.2737	2.271	2.2738
"Namibia"	516	3.7465	3.654	3.5468	3.4376	3.3469	3.2542	3.1746	3.0944	3.0329	2.971	2.9177	2.8662	2.8018	2.752	2.7159	2.6637	2.6258
"Nepal"	524	2.4895	2.4583	2.4144	2.3734	2.3307	2.3031	2.2769	2.2553	2.2463	2.2341	2.2322	2.2281	2.2254	2.2244	2.2266	2.2307	2.237
"Netherlands"	528	1.941	2.014	2.0614	2.1037	2.1321	2.1579	2.1794	2.1997	2.2131	2.2283	2.2443	2.2515	2.2624	2.2695	2.2754	2.2825	2.2878
"New Caledonia"	540	2.3881	2.4019	2.389	2.3743	2.3588	2.3403	2.3265	2.3141	2.3054	2.2994	2.2963	2.2934	2.2955	2.2941	2.2962	2.2918	2.2957
"New Zealand"	554	2.322	2.3586	2.3679	2.3711	2.3715	2.361	2.3571	2.3461	2.3419	2.33	2.3244	2.3221	2.3148	2.3067	2.307	2.3056	2.3042
"Nicaragua"	558	2.5174	2.5063	2.472	2.4294	2.3857	2.3524	2.3236	2.2984	2.2752	2.262	2.2581	2.2489	2.2474	2.2427	2.2451	2.2455	2.249
"Niger"	562	7.7137	7.6845	7.6379	7.5702	7.4917	7.3771	7.2247	7.0281	6.7909	6.5076	6.192	5.8681	5.555	5.2707	5.0151	4.7985	4.5858
"Nigeria"	566	5.8324	5.6987	5.5378	5.371	5.1986	5.0087	4.8271	4.6804	4.5235	4.3806	4.2395	4.1202	4.0145	3.9144	3.8196	3.7311	3.6517
"Norway"	578	1.9833	2.049	2.0898	2.1255	2.1549	2.1748	2.1913	2.2075	2.2223	2.2316	2.24	2.251	2.2587	2.2669	2.2725	2.2761	2.2838
"Oman"	512	2.9057	2.7479	2.6062	2.4884	2.4035	2.3443	2.3079	2.2817	2.2719	2.2631	2.2604	2.2563	2.2601	2.2595	2.2591	2.2627	2.2652
"Other non-specified areas"	158	1.3127	1.4481	1.5621	1.6543	1.7311	1.7973	1.8526	1.8984	1.939	1.973	2.0057	2.0275	2.0518	2.0761	2.0914	2.1094	2.1245
"Pakistan"	586	3.8269	3.7094	3.5808	3.4722	3.3526	3.2577	3.1693	3.0945	3.0212	2.9557	2.8937	2.8418	2.7871	2.7405	2.6943	2.6473	2.607
"Panama"	591	2.7228	2.7351	2.7231	2.6984	2.6638	2.6333	2.6016	2.5685	2.5331	2.4935	2.461	2.4339	2.4102	2.3899	2.3741	2.3614	2.3495
"Papua New Guinea"	598	4.0303	3.9752	3.8978	3.7966	3.7099	3.627	3.5498	3.4821	3.4075	3.3476	3.2911	3.2269	3.1795	3.1396	3.09	3.0425	2.9996
"Paraguay"	600	2.8289	2.8436	2.8243	2.7992	2.7718	2.7353	2.6999	2.6617	2.6273	2.5904	2.5531	2.5242	2.4877	2.463	2.4266	2.4027	2.385
"Peru"	604	2.7213	2.7183	2.6914	2.6498	2.607	2.5619	2.5156	2.4659	2.4298	2.3939	2.3679	2.3401	2.3202	2.3108	2.2955	2.2882	2.2829
"Philippines"	608	3.263	3.2597	3.2327	3.192	3.1404	3.0862	3.0402	2.9971	2.9538	2.9019	2.8622	2.8156	2.7732	2.7311	2.6918	2.6493	2.613
"Poland"	616	1.6256	1.7047	1.7771	1.8371	1.8877	1.9297	1.9647	1.9962	2.0257	2.0481	2.072	2.0896	2.1093	2.1247	2.1401	2.1532	2.1644
"Portugal"	620	1.5328	1.6286	1.7119	1.7784	1.8356	1.8851	1.9283	1.9629	1.9941	2.0205	2.0461	2.0686	2.0901	2.1091	2.123	2.136	2.1501
"Puerto Rico"	630	1.9002	1.9473	1.9833	2.0133	2.0351	2.0573	2.075	2.0948	2.1113	2.128	2.1407	2.1475	2.1613	2.1749	2.184	2.1908	2.2014
"Qatar"	634	2.2932	2.2979	2.2761	2.2554	2.236	2.2182	2.212	2.2	2.1993	2.199	2.198	2.2016	2.205	2.2064	2.2117	2.2184	2.2206
"Republic of Korea"	410	1.5184	1.6552	1.759	1.8387	1.9004	1.9542	1.9957	2.0312	2.0649	2.0886	2.1089	2.1331	2.1497	2.1641	2.177	2.1918	2.2013
"Republic of Moldova"	498	1.5215	1.6201	1.7067	1.7763	1.8334	1.8823	1.9266	1.9639	1.9918	2.0212	2.0445	2.0687	2.0896	2.1096	2.122	2.1344	2.1513
"Reunion"	638	2.4701	2.469	2.4453	2.4169	2.3964	2.3751	2.3583	2.3459	2.3335	2.327	2.3239	2.3153	2.3165	2.3151	2.3172	2.3168	2.3188
"Romania"	642	1.7167	1.8277	1.9063	1.9668	2.0126	2.0511	2.0844	2.1108	2.1349	2.1559	2.1777	2.1888	2.2071	2.2196	2.229	2.2367	2.249
"Russian Federation"	643	1.8923	1.9929	2.0627	2.1146	2.1588	2.1956	2.2222	2.2473	2.2666	2.2825	2.2945	2.3068	2.3176	2.3252	2.3344	2.3406	2.3429
"Rwanda"	646	4.0663	3.8595	3.6606	3.4733	3.3128	3.1565	3.0321	2.9158	2.8053	2.7079	2.6149	2.528	2.4549	2.3997	2.3543	2.3175	2.2967
"Saint Lucia"	662	2.1558	2.1709	2.1705	2.1672	2.1631	2.1644	2.1654	2.1671	2.1725	2.1798	2.1891	2.1958	2.1973	2.2053	2.2095	2.2179	2.2254
"Saint Vincent and the Grenadines"	670	2.2376	2.2507	2.2434	2.2329	2.2222	2.214	2.2097	2.2058	2.2089	2.2123	2.2131	2.2155	2.2173	2.2218	2.2281	2.2329	2.2403
"Samoa"	882	4.3513	4.2903	4.1941	4.0978	4.0017	3.9177	3.8151	3.7365	3.6543	3.5844	3.5108	3.4476	3.3847	3.3291	3.2667	3.2145	3.1654
"Sao Tome and Principe"	678	4.8089	4.7047	4.5736	4.441	4.3131	4.1955	4.084	3.9775	3.8708	3.7903	3.7008	3.6149	3.5416	3.4766	3.4156	3.3531	3.2989
"Saudi Arabia"	682	2.9848	2.9116	2.8202	2.742	2.6646	2.5961	2.5323	2.4722	2.4228	2.3792	2.3481	2.3204	2.3024	2.2855	2.2706	2.265	2.264
"Senegal"	686	5.2788	5.1363	4.976	4.8203	4.6737	4.5377	4.3983	4.2806	4.1633	4.0656	3.9582	3.8727	3.7807	3.6996	3.6228	3.5652	3.4918
"Serbia"	688	1.7742	1.8614	1.9253	1.9729	2.0144	2.0455	2.0722	2.0933	2.116	2.1336	2.1475	2.1644	2.1765	2.1867	2.2001	2.2074	2.2148
"Seychelles"	690	2.5033	2.4906	2.4687	2.4521	2.4354	2.4185	2.405	2.3895	2.3801	2.3698	2.3619	2.354	2.3516	2.3518	2.3509	2.3494	2.3456
"Sierra Leone"	694	4.7787	4.5557	4.3324	4.1313	3.9461	3.7802	3.6403	3.5101	3.3916	3.2872	3.2063	3.1206	3.0458	2.9771	2.9178	2.853	2.7943
"Singapore"	702	1.4414	1.5421	1.6175	1.6815	1.736	1.784	1.8245	1.862	1.8893	1.9204	1.9438	1.9645	1.9891	2.0072	2.0267	2.0407	2.0562
"Slovakia"	703	1.6244	1.7502	1.8412	1.914	1.969	2.0153	2.0553	2.0884	2.1158	2.1365	2.1565	2.1718	2.1874	2.1987	2.2133	2.2253	2.2319
"Slovenia"	705	1.8287	1.9426	2.0213	2.0785	2.1245	2.1552	2.1882	2.2111	2.2318	2.2466	2.2633	2.2752	2.2861	2.2953	2.3044	2.3086	2.3122
"Solomon Islands"	90	4.2202	4.136	4.032	3.9175	3.8113	3.7045	3.6064	3.5187	3.4314	3.3593	3.2907	3.2256	3.167	3.1139	3.0561	3.0025	2.9562
"Somalia"	706	6.533	6.2929	6.0461	5.8095	5.5803	5.3563	5.1501	4.9544	4.7752	4.6096	4.4524	4.3197	4.1893	4.0767	3.9586	3.8595	3.7553
"South Africa"	710	2.6417	2.6677	2.6529	2.6288	2.6045	2.5742	2.5417	2.5088	2.4772	2.4424	2.4168	2.3894	2.3637	2.3506	2.3354	2.3219	2.3172
"South Sudan"	728	5.2013	5.0253	4.8418	4.6567	4.4855	4.329	4.1721	4.0329	3.9099	3.794	3.6925	3.5811	3.4897	3.4067	3.3321	3.2791	3.2153
"Spain"	724	1.5631	1.6851	1.7766	1.8477	1.9056	1.9529	1.9945	2.0246	2.0535	2.0738	2.1004	2.1197	2.1406	2.1575	2.1726	2.1825	2.1921
"Sri Lanka"	144	2.3684	2.388	2.3822	2.369	2.3523	2.3363	2.3236	2.3139	2.307	2.299	2.2922	2.2831	2.2817	2.2846	2.2855	2.284	2.2842
"State of Palestine"	275	4.4163	4.3175	4.1995	4.083	3.9712	3.8613	3.7495	3.6576	3.5696	3.4778	3.4104	3.3416	3.2847	3.215	3.1607	3.0964	3.0522
"Sudan"	729	4.5941	4.4861	4.3613	4.2385	4.1198	4.0014	3.8859	3.7908	3.7087	3.6185	3.5457	3.4656	3.3969	3.3306	3.2722	3.2145	3.1625
"Suriname"	740	2.6392	2.6559	2.6435	2.6138	2.5789	2.5432	2.4967	2.4666	2.4363	2.3981	2.3819	2.361	2.3502	2.3358	2.3223	2.3146	2.3116
"Swaziland"	748	3.4909	3.3994	3.2922	3.1877	3.0942	3.0082	2.9389	2.8683	2.8042	2.75	2.692	2.6461	2.5895	2.5421	2.5086	2.4685	2.4355
"Sweden"	752	2.1017	2.1727	2.2179	2.2491	2.275	2.2951	2.31	2.3262	2.3391	2.3494	2.3564	2.3656	2.3711	2.3763	2.3797	2.3858	2.3901
"Switzerland"	756	1.7548	1.8645	1.9398	1.9965	2.0412	2.0773	2.1093	2.1348	2.1558	2.1752	2.1927	2.2093	2.2223	2.2315	2.2387	2.2456	2.255
"Syrian Arab Republic"	760	3.1723	3.0915	3.0007	2.9073	2.8193	2.7436	2.6699	2.5949	2.5345	2.4698	2.4221	2.3821	2.3483	2.3231	2.307	2.2924	2.2854
"Tajikistan"	762	3.7496	3.7029	3.6359	3.5571	3.4846	3.4103	3.3437	3.2777	3.2209	3.1657	3.1149	3.0542	3.0144	2.9656	2.9314	2.8751	2.8425
"TFYR Macedonia"	807	1.733	1.8283	1.8942	1.9493	1.9906	2.0251	2.0562	2.0813	2.1001	2.1181	2.1386	2.1536	2.1639	2.1745	2.1877	2.1958	2.2058
"Thailand"	764	1.7719	1.832	1.8792	1.9196	1.955	1.9833	2.0119	2.0357	2.0589	2.0768	2.0955	2.1137	2.1298	2.1447	2.1529	2.1665	2.1793
"Timor-Leste"	626	5.8066	5.5278	5.25	5.001	4.7475	4.5282	4.3199	4.1396	3.9756	3.8282	3.7084	3.5831	3.4829	3.3922	3.2923	3.2098	3.1303
"Togo"	768	4.8028	4.6729	4.5325	4.3953	4.2596	4.1334	4.0194	3.9139	3.8122	3.7203	3.6302	3.5521	3.4764	3.3982	3.338	3.2734	3.2185
"Tonga"	776	4.0168	3.9892	3.9301	3.8578	3.7816	3.7107	3.6366	3.5703	3.5066	3.4495	3.3902	3.339	3.2904	3.2461	3.196	3.1563	3.1132
"Trinidad and Tobago"	780	2.052	2.0814	2.0995	2.1131	2.1274	2.1397	2.1488	2.1629	2.1694	2.1765	2.1884	2.1938	2.2046	2.2147	2.2189	2.2235	2.232
"Tunisia"	788	2.3155	2.3208	2.3164	2.3175	2.3124	2.3142	2.3138	2.3083	2.3109	2.3102	2.3125	2.3151	2.3237	2.3226	2.3207	2.3205	2.3259
"Turkey"	792	2.3472	2.365	2.3594	2.3404	2.3261	2.3018	2.2902	2.283	2.2734	2.2651	2.2609	2.2549	2.2565	2.2561	2.2563	2.2579	2.2601
"Turkmenistan"	795	2.5738	2.5848	2.5706	2.54	2.5085	2.4692	2.4372	2.4015	2.3778	2.3558	2.3308	2.3145	2.3052	2.2925	2.2831	2.2781	2.2778
"Uganda"	800	5.8974	5.6916	5.4708	5.2566	5.0398	4.8477	4.6533	4.4741	4.3289	4.183	4.0525	3.9179	3.818	3.7166	3.6282	3.5456	3.4683
"Ukraine"	804	1.7391	1.8537	1.9361	1.9984	2.046	2.0861	2.1204	2.1498	2.1715	2.1899	2.2046	2.2181	2.2344	2.2466	2.2555	2.2642	2.2718
"United Arab Emirates"	784	2.0619	2.0819	2.0854	2.0952	2.1034	2.108	2.1171	2.1268	2.1393	2.151	2.1593	2.1695	2.1782	2.182	2.1932	2.1962	2.2046
"United Kingdom"	826	2.0801	2.1315	2.1664	2.1904	2.2129	2.229	2.2421	2.2532	2.2637	2.2739	2.2823	2.2918	2.2946	2.3014	2.3057	2.31	2.3152
"United Republic of Tanzania"	834	5.3607	5.2438	5.1006	4.9481	4.7995	4.6574	4.5307	4.4129	4.292	4.1806	4.081	3.9875	3.8989	3.8089	3.7418	3.6645	3.6
"United States of America"	840	2.0696	2.1293	2.1725	2.2039	2.2253	2.2446	2.2587	2.2727	2.2851	2.2921	2.3033	2.3133	2.3195	2.3251	2.3291	2.3285	2.333
"United States Virgin Islands"	850	2.536	2.5442	2.5198	2.4882	2.4568	2.427	2.406	2.3844	2.3703	2.3501	2.3355	2.3319	2.324	2.3252	2.3209	2.3229	2.325
"Uruguay"	858	2.3157	2.3494	2.3635	2.3685	2.3709	2.361	2.3559	2.3468	2.3448	2.3371	2.3334	2.3299	2.3238	2.322	2.3191	2.3184	2.3149
"Uzbekistan"	860	2.6967	2.6928	2.6651	2.6239	2.5844	2.5423	2.5108	2.4684	2.4431	2.4136	2.3879	2.3688	2.3503	2.3413	2.3357	2.3255	2.3197
"Vanuatu"	548	3.6404	3.6336	3.5949	3.541	3.4882	3.4274	3.3755	3.3229	3.2724	3.216	3.1718	3.1194	3.0729	3.0279	2.9891	2.9461	2.9009
"Venezuela (Bolivarian Republic of)"	862	2.6385	2.6576	2.647	2.6212	2.5855	2.5407	2.5057	2.4769	2.4381	2.4059	2.3763	2.352	2.3376	2.3268	2.3163	2.3068	2.2967
"Viet Nam"	704	2.1249	2.178	2.2139	2.2386	2.2599	2.2771	2.2901	2.3064	2.3148	2.3276	2.3326	2.3415	2.3491	2.3531	2.3564	2.3648	2.3645
"Western Sahara"	732	2.4186	2.4059	2.3783	2.34	2.3063	2.2793	2.2563	2.2426	2.2305	2.2284	2.2252	2.2218	2.2181	2.2219	2.2263	2.2317	2.2342
"Yemen"	887	4.2529	3.9673	3.7093	3.487	3.2958	3.1166	2.9654	2.8339	2.7152	2.6059	2.5031	2.4256	2.3607	2.3138	2.2772	2.2598	2.2457
"Zambia"	894	5.5767	5.4664	5.3348	5.1977	5.0634	4.9212	4.7995	4.6906	4.58	4.4814	4.3745	4.2786	4.1933	4.11	4.0306	3.9552	3.8937
"Zimbabwe"	716	4.0968	3.9369	3.7768	3.6241	3.4862	3.3689	3.2532	3.1563	3.0774	2.9883	2.9185	2.8394	2.7724	2.7097	2.6433	2.587	2.5416
